351
492
500
53
92 81 3.7551849687440497
73 90 0.78539816339744828
118 83 0.46633015951723489
113 114 3.7551849687440497
103 124 0.71176708557893753
67 124 4.0497092800180923
140 165 0.46633015951723489
160 130 6.1850105367549055
160 105 6.1359231515425643
171 92 0
211 123 5.6941366846315
218 103 2.6016314162540475
185 164 5.6205056068129888
145 205 0.34361169648638362
139 204 3.7551849687440497
150 215 4.466952054322987
161 219 4.9332822138402221
150 229 4.71238898038469
113 223 4.3442335912921362
98 229 1.1780972450961724
33 200 4.2951462060797949
187 271 4.71238898038469
210 225 4.9578259064463923
218 269 4.8841948286278818
211 283 4.71238898038469
225 269 1.7671458676442586
219 287 4.8596511360217116
262 276 5.0069132916587327
266 254 5.1050880620834143
295 265 2.012582793705961
266 224 5.056000676871073
261 327 4.9332822138402221
240 332 4.614214209960009
244 352 4.6878452877785195
259 376 5.0069132916587327
241 388 0.78539816339744828
235 398 0.44178646691106466
213 396 0.58904862254808621
223 416 0.049087385212340517
200 419 0.22089323345553233
194 398 0.53996123733574564
173 417 0.2945243112740431
157 414 0.41724277430489443
150 397 0.51541754472957546
175 382 3.9515345095934116
128 387 0.51541754472957546
123 360 0.68722339297276724
97 392 3.6079228131070282
103 402 0.34361169648638362
82 416 0.26998061866787282
74 385 0.36815538909255385
77 360 0.53996123733574564
85 342 0.78539816339744828
