351
492
500
52
134 82 0.36815538909255385
125 102 3.5588354278946874
90 106 0.58904862254808621
105 138 3.7060975835317089
90 147 0.68722339297276724
88 178 3.9760782021995817
123 180 0.760854470791278
133 171 3.7551849687440497
137 140 0.46633015951723489
184 161 6.1113794589363941
189 149 0.024543692606170259
182 185 6.1359231515425643
144 215 3.8533597391687304
143 224 0.71176708557893753
158 221 0.44178646691106466
155 259 3.877903431774901
171 265 4.0251655874119221
175 275 4.6878452877785195
169 278 4.5896705173538388
188 267 5.056000676871073
194 238 5.5468745289944783
199 240 2.3071071049800045
206 218 5.6205056068129888
232 275 4.9332822138402221
210 319 4.6878452877785195
241 317 4.9578259064463923
235 331 4.7860200582032
248 325 1.8653206380689396
248 338 4.8841948286278818
289 326 5.056000676871073
290 303 5.0314569842649028
289 275 5.1296317546895844
285 375 4.9578259064463923
265 380 4.6878452877785195
268 399 4.614214209960009
267 431 0.859029241215959
235 443 0.53996123733574564
217 444 0.51541754472957546
198 432 3.877903431774901
173 442 0.41724277430489443
145 434 0.44178646691106466
142 407 0.71176708557893753
117 435 3.4606606574700063
122 446 0.26998061866787282
94 406 0.44178646691106466
104 390 0.68722339297276724
120 283 1.1290098598838319
129 269 4.1969714356551142
50 252 4.2215151282612844
229 176 5.7677677624500108
233 153 2.7243498792848988
257 119 5.7923114550561809
