351
492
500
50
101 91 3.5097480426823471
109 94 0.36815538909255385
114 104 3.5097480426823471
108 130 0.44178646691106466
82 129 3.6324665057131984
66 132 0.53996123733574564
102 164 3.7551849687440497
92 168 0.63813600776042678
58 169 3.9760782021995817
112 207 3.9269908169872414
111 216 0.760854470791278
129 211 0.44178646691106466
123 250 3.9760782021995817
139 253 4.3933209765044765
135 264 4.5896705173538388
144 264 4.81056375080937
158 258 5.056000676871073
164 229 5.64504929941916
168 224 2.5034566458293663
174 209 5.6205056068129888
150 177 6.1113794589363941
149 153 6.1850105367549055
161 141 0.024543692606170259
204 146 2.6998061866787286
204 167 5.71868037723767
230 114 5.7677677624500108
225 96 2.6998061866787286
250 126 2.5034566458293663
202 264 5.0314569842649028
212 307 4.9332822138402221
219 308 1.8653206380689396
209 318 4.76147636559703
219 327 4.8596511360217116
181 309 4.6878452877785195
261 294 5.0314569842649028
262 317 5.1050880620834143
292 295 2.086213871524472
258 264 5.1787191399019248
260 362 5.056000676871073
240 369 4.71238898038469
248 384 4.7860200582032
216 432 0.51541754472957546
196 435 0.53996123733574564
178 422 3.9515345095934116
151 436 0.51541754472957546
123 429 0.44178646691106466
119 400 0.760854470791278
78 384 0.78539816339744828
92 276 1.1780972450961724
102 267 4.2951462060797949
