351
492
500
63
89 114 3.7551849687440497
77 123 0.68722339297276724
121 120 0.46633015951723489
119 146 3.77972866135022
108 156 0.760854470791278
78 157 4.0251655874119221
139 195 0.51541754472957546
164 161 6.2095542293610757
162 136 0
176 121 0.049087385212340517
221 133 2.675262494072558
218 154 5.6941366846315
190 195 5.5959619142068187
153 231 6.0132046885117134
153 245 4.76147636559703
142 246 4.2215151282612844
153 259 4.5160394395353274
167 244 2.086213871524472
178 256 4.8841948286278818
157 271 4.6387579025661791
112 251 4.3442335912921362
101 265 1.2026409377023426
90 303 1.2517283229146832
94 313 4.3933209765044765
94 327 1.2762720155208536
93 341 4.3687772838983063
94 369 0.859029241215959
88 390 0.53996123733574564
84 416 0.36815538909255385
106 418 3.5588354278946874
118 431 0.34361169648638362
94 445 0.2945243112740431
134 459 0.17180584824319181
141 415 0.53996123733574564
130 391 0.760854470791278
164 425 0.51541754472957546
169 442 0.41724277430489443
187 444 0.36815538909255385
187 409 3.9515345095934116
208 423 0.58904862254808621
212 445 0.19634954084936207
228 421 0.6135923151542565
240 436 0.049087385212340517
249 423 0.2945243112740431
255 415 0.78539816339744828
256 407 4.5896705173538388
263 414 2.454369260617026
270 402 5.1050880620834143
279 423 2.6261751088602177
264 441 6.2095542293610757
258 374 4.71238898038469
253 357 4.71238898038469
270 352 4.9332822138402221
233 337 4.71238898038469
232 322 1.6198837120072371
235 315 4.81056375080937
209 315 4.6387579025661791
192 300 4.614214209960009
269 302 5.0314569842649028
280 288 5.203262832508095
296 287 2.0371264863121317
265 247 5.1050880620834143
210 250 4.9332822138402221
