351
492
500
44
84 152 3.77972866135022
71 163 0.78539816339744828
113 159 0.58904862254808621
111 188 3.8533597391687304
103 190 0.760854470791278
68 196 4.0497092800180923
155 173 6.2095542293610757
161 161 0.049087385212340517
159 197 6.1850105367549055
142 232 0.44178646691106466
189 228 5.6205056068129888
180 249 2.3561944901923448
168 254 5.7923114550561809
167 278 5.2768939103266055
160 282 4.81056375080937
155 279 4.172427743048944
151 286 4.6878452877785195
140 272 3.9760782021995817
120 290 4.3933209765044765
114 302 1.2762720155208536
197 330 4.71238898038469
215 284 4.9332822138402221
222 341 4.7860200582032
235 346 4.9578259064463923
270 329 5.0314569842649028
279 312 5.203262832508095
269 278 5.056000676871073
256 383 4.7860200582032
272 379 5.0314569842649028
259 405 4.71238898038469
256 447 0.78539816339744828
228 452 0.58904862254808621
210 454 0.6135923151542565
189 444 3.9515345095934116
166 456 0.63813600776042678
169 470 0.44178646691106466
138 451 0.6135923151542565
122 464 0.46633015951723489
112 454 3.7551849687440497
132 420 0.83448554860978885
85 433 0.6135923151542565
96 405 0.88357293382212931
206 186 5.7677677624500108
213 167 2.7243498792848988
