351
492
500
42
122 82 3.5588354278946874
127 88 0.44178646691106466
128 94 3.5588354278946874
128 122 0.53996123733574564
96 120 3.7551849687440497
84 130 0.68722339297276724
126 152 3.7551849687440497
115 162 0.760854470791278
80 162 4.0251655874119221
140 196 3.8533597391687304
134 206 0.68722339297276724
153 202 0.44178646691106466
162 238 5.9395736106932029
159 250 2.5525440310417071
176 253 5.056000676871073
119 260 4.3442335912921362
114 270 1.2517283229146832
218 260 4.8841948286278818
200 202 5.5959619142068187
172 168 6.1113794589363941
169 142 0
182 129 0.024543692606170259
222 159 5.71868037723767
228 139 2.6261751088602177
273 257 5.056000676871073
280 290 5.056000676871073
276 313 5.0069132916587327
239 302 1.8407769454627694
231 304 4.9332822138402221
221 316 4.71238898038469
234 325 4.8841948286278818
201 306 4.71238898038469
256 368 4.71238898038469
275 361 5.0069132916587327
262 389 4.6387579025661791
229 434 0.51541754472957546
211 435 0.63813600776042678
191 424 3.9269908169872414
166 435 0.51541754472957546
140 426 0.46633015951723489
137 398 0.71176708557893753
99 380 0.71176708557893753
