351
492
500
46
120 84 0.51541754472957546
110 97 3.6815538909255388
84 112 0.63813600776042678
96 140 3.80427235395639
83 150 0.78539816339744828
127 145 0.53996123733574564
126 172 3.7551849687440497
117 175 0.68722339297276724
80 184 4.0987966652304335
154 219 0.44178646691106466
175 184 6.1113794589363941
171 164 0
179 141 0.17180584824319181
222 174 5.71868037723767
230 155 2.6998061866787286
203 218 5.5959619142068187
193 231 2.5280003384355365
184 242 5.5959619142068187
170 257 4.81056375080937
184 266 5.0069132916587327
171 272 4.6878452877785195
161 272 4.6387579025661791
150 257 4.0251655874119221
129 275 4.3687772838983063
121 290 1.2762720155208536
205 318 4.71238898038469
226 274 4.9578259064463923
228 331 4.6878452877785195
238 336 4.7860200582032
279 320 4.9578259064463923
289 302 5.0314569842649028
280 268 5.1050880620834143
259 378 4.6878452877785195
268 394 4.76147636559703
216 445 0.63813600776042678
196 434 3.9269908169872414
170 446 0.51541754472957546
176 462 0.41724277430489443
143 438 0.46633015951723489
124 451 0.36815538909255385
115 442 3.5588354278946874
88 437 0.44178646691106466
96 410 0.58904862254808621
104 393 0.78539816339744828
141 410 0.760854470791278
51 263 4.2951462060797949
