351
492
500
53
153 87 3.5342917352885173
148 111 0.51541754472957546
117 111 3.7060975835317089
102 122 0.71176708557893753
99 152 4.0251655874119221
145 144 3.77972866135022
134 154 0.760854470791278
160 188 3.80427235395639
166 192 0.53996123733574564
153 198 0.760854470791278
189 158 6.1113794589363941
189 133 0
200 120 6.2095542293610757
239 148 5.64504929941916
246 128 2.6998061866787286
216 191 5.6941366846315
200 242 4.9578259064463923
182 244 4.5160394395353274
185 251 4.4424083617168169
141 246 4.3442335912921362
134 260 1.2517283229146832
220 294 4.6878452877785195
242 249 4.9332822138402221
250 291 4.9332822138402221
257 288 1.8407769454627694
245 307 4.6387579025661791
257 311 4.8596511360217116
293 293 5.0314569842649028
299 274 5.1050880620834143
290 242 5.1787191399019248
278 348 4.7860200582032
295 345 4.9332822138402221
282 369 4.76147636559703
249 415 0.58904862254808621
231 418 0.51541754472957546
237 438 0.22089323345553233
209 437 0.34361169648638362
194 427 0.44178646691106466
188 418 0.44178646691106466
211 403 3.877903431774901
164 408 0.51541754472957546
158 382 0.760854470791278
135 409 3.6079228131070282
141 424 0.34361169648638362
117 438 0.22089323345553233
108 409 0.36815538909255385
112 383 0.58904862254808621
119 366 0.83448554860978885
124 459 3.2643111166206444
111 463 0.17180584824319181
139 456 0.12271846303085129
55 312 0.95720401164064006
63 231 4.2215151282612844
