351
492
500
53
124 103 0.41724277430489443
130 112 3.5342917352885173
128 144 0.44178646691106466
95 137 3.7060975835317089
84 146 0.68722339297276724
117 172 0.63813600776042678
125 170 3.7060975835317089
80 178 4.0251655874119221
171 163 6.2095542293610757
171 184 6.1850105367549055
180 147 0.024543692606170259
221 175 5.7677677624500108
229 155 2.6261751088602177
198 216 5.6205056068129888
152 219 0.44178646691106466
161 262 4.3933209765044765
146 258 3.9760782021995817
157 273 4.614214209960009
170 270 4.71238898038469
179 266 5.1050880620834143
124 274 4.3442335912921362
116 290 1.2517283229146832
202 317 4.71238898038469
223 272 4.9332822138402221
227 330 4.7860200582032
236 333 4.9332822138402221
277 318 5.0069132916587327
287 302 5.1787191399019248
273 266 5.056000676871073
280 368 5.0314569842649028
263 371 4.7860200582032
267 391 4.76147636559703
280 417 5.056000676871073
270 420 4.466952054322987
273 429 2.7243498792848988
263 427 0.78539816339744828
259 438 0.19634954084936207
235 438 0.58904862254808621
254 459 0.17180584824319181
224 459 0.17180584824319181
217 440 0.58904862254808621
194 458 0.2945243112740431
196 425 3.9515345095934116
177 457 0.34361169648638362
170 446 0.46633015951723489
144 434 0.41724277430489443
122 448 0.34361169648638362
116 438 3.5588354278946874
139 408 0.760854470791278
91 413 0.51541754472957546
88 433 0.36815538909255385
102 390 0.760854470791278
44 254 4.2951462060797949
