351
492
500
51
134 123 0.44178646691106466
125 142 3.5588354278946874
133 146 0.46633015951723489
138 155 3.6079228131070282
138 180 0.44178646691106466
104 180 3.7060975835317089
92 188 0.68722339297276724
88 220 3.9760782021995817
135 214 3.7551849687440497
126 222 0.68722339297276724
143 259 3.877903431774901
144 267 0.760854470791278
160 262 0.51541754472957546
158 300 3.8533597391687304
167 300 0.26998061866787282
171 311 4.6387579025661791
171 318 4.6878452877785195
190 309 5.056000676871073
196 279 5.64504929941916
202 277 2.380738182798515
207 260 5.64504929941916
181 227 6.2095542293610757
179 203 6.2095542293610757
190 191 0.024543692606170259
231 192 2.7243498792848988
228 217 5.8413988402685213
254 156 5.8413988402685213
246 139 2.84706834231575
276 167 2.5280003384355365
235 316 4.9578259064463923
245 357 5.0069132916587327
253 355 1.9389517158874505
239 370 4.71238898038469
253 376 4.9332822138402221
213 360 4.71238898038469
289 357 5.056000676871073
299 340 5.1787191399019248
290 308 5.1296317546895844
293 406 5.0069132916587327
274 412 4.76147636559703
278 432 4.6387579025661791
229 477 0.6135923151542565
206 465 3.8533597391687304
180 479 0.41724277430489443
150 476 0.36815538909255385
146 448 0.63813600776042678
105 432 0.68722339297276724
123 327 1.1780972450961724
132 312 4.2706025134736247
50 293 4.0987966652304335
89 147 0.6135923151542565
