351
492
500
57
106 96 3.6324665057131984
118 98 0.36815538909255385
125 112 3.5588354278946874
120 140 0.51541754472957546
94 134 3.77972866135022
78 141 0.6135923151542565
78 99 0.63813600776042678
120 167 3.7551849687440497
110 170 0.63813600776042678
75 176 4.0497092800180923
134 206 3.9269908169872414
131 222 0.760854470791278
150 214 0.44178646691106466
147 252 4.0251655874119221
167 253 6.2095542293610757
172 261 4.76147636559703
181 260 5.056000676871073
159 268 4.6387579025661791
177 236 5.8904862254808616
196 227 2.4298255680108558
196 211 5.64504929941916
167 179 6.1850105367549055
162 158 0.049087385212340517
164 143 0.12271846303085129
170 143 0.098174770424681035
151 145 3.2888548092268146
213 167 5.7677677624500108
219 147 2.6998061866787286
236 109 5.8659425328746915
262 117 2.7243498792848988
220 265 5.0069132916587327
271 256 5.056000676871073
282 289 5.1787191399019248
278 309 5.1050880620834143
241 324 4.8596511360217116
233 317 4.76147636559703
206 311 4.6878452877785195
265 363 4.7860200582032
281 357 5.056000676871073
269 382 4.7860200582032
238 429 0.53996123733574564
219 432 0.58904862254808621
226 451 0.17180584824319181
199 450 0.34361169648638362
199 423 3.9515345095934116
181 449 0.36815538909255385
174 439 0.46633015951723489
173 471 0.19634954084936207
148 426 0.46633015951723489
143 400 0.78539816339744828
119 427 3.5588354278946874
124 441 0.34361169648638362
92 407 0.58904862254808621
103 385 0.78539816339744828
118 284 1.2517283229146832
122 267 4.3687772838983063
41 250 4.3442335912921362
