351
492
500
45
126 104 0.44178646691106466
119 122 3.6079228131070282
126 127 0.41724277430489443
132 135 3.5588354278946874
132 160 0.44178646691106466
102 161 3.7551849687440497
86 167 0.6135923151542565
81 200 3.9760782021995817
117 196 0.63813600776042678
127 194 3.7551849687440497
174 184 6.1359231515425643
180 171 0.024543692606170259
174 209 6.1113794589363941
141 239 3.8533597391687304
154 244 0.36815538909255385
135 248 0.71176708557893753
148 282 3.9515345095934116
181 262 5.7923114550561809
193 263 2.3561944901923448
200 241 5.64504929941916
183 290 5.0069132916587327
173 293 4.6878452877785195
123 293 4.1969714356551142
115 305 1.1044661672776617
207 339 4.71238898038469
228 296 5.0069132916587327
239 336 4.9332822138402221
233 349 4.7860200582032
247 334 1.8653206380689396
247 355 4.9332822138402221
288 340 5.1050880620834143
288 317 5.056000676871073
285 289 5.1296317546895844
287 386 4.9578259064463923
267 393 4.71238898038469
272 415 4.6878452877785195
201 444 3.9269908169872414
174 461 0.53996123733574564
146 454 0.51541754472957546
140 427 0.71176708557893753
99 411 0.78539816339744828
44 274 4.2951462060797949
226 195 5.7923114550561809
226 173 2.7734372644972392
247 137 5.8413988402685213
