351
492
500
43
95 74 3.5342917352885173
84 109 0.46633015951723489
111 124 3.3379421944391554
51 121 0.6135923151542565
97 174 3.7060975835317089
157 158 5.9395736106932029
134 204 3.1170489609836229
145 202 6.0622920737240538
166 204 5.8904862254808616
155 234 5.6205056068129888
143 245 5.64504929941916
124 235 0.2945243112740431
120 248 0.19634954084936207
133 265 4.9332822138402221
127 280 4.5405831321414976
131 282 4.5405831321414976
116 307 1.3499030933393643
115 319 1.4235341711578751
95 325 1.6935147898257479
96 336 4.7860200582032
81 347 1.7180584824319181
99 367 1.7916895602504288
72 368 1.6935147898257479
61 327 4.71238898038469
83 302 4.76147636559703
38 320 4.4424083617168169
59 273 4.3687772838983063
70 239 4.172427743048944
60 228 4.0251655874119221
127 358 1.3008157081270237
171 386 4.2951462060797949
217 367 4.5160394395353274
219 376 1.3499030933393643
180 300 4.6878452877785195
205 288 1.7671458676442586
194 279 5.0069132916587327
221 248 1.9389517158874505
234 247 4.8841948286278818
239 237 1.9634954084936207
182 233 5.5468745289944783
227 178 5.71868037723767
233 154 2.6261751088602177
190 135 5.7923114550561809
