351
492
500
57
160 43 3.5097480426823471
148 75 0.36815538909255385
166 94 3.2888548092268146
115 82 0.51541754472957546
156 135 3.5097480426823471
207 134 5.9395736106932029
201 174 5.8659425328746915
187 178 2.9452431127404308
226 182 5.6941366846315
208 212 5.3750686807512871
195 219 5.4241560659636274
171 203 0.46633015951723489
172 250 4.3687772838983063
171 253 4.4424083617168169
157 275 1.2762720155208536
155 294 1.2517283229146832
140 290 1.6198837120072371
151 306 1.6198837120072371
161 303 1.0062913968529805
148 315 1.2517283229146832
142 313 1.8653206380689396
161 336 3.6324665057131984
153 364 3.5097480426823471
149 378 3.3624858870453256
135 377 6.2095542293610757
142 398 3.0925052683774528
161 388 0.2945243112740431
128 407 6.1359231515425643
188 410 0.36815538909255385
192 428 0.024543692606170259
225 405 0.53996123733574564
213 361 4.1969714356551142
244 366 1.1044661672776617
243 353 4.466952054322987
257 323 4.614214209960009
278 341 4.81056375080937
266 309 4.81056375080937
280 305 4.9332822138402221
243 291 4.6878452877785195
221 278 4.466952054322987
238 262 4.8596511360217116
257 259 5.0069132916587327
270 230 5.2768939103266055
238 212 5.3014376029327757
281 151 5.5959619142068187
260 109 5.71868037723767
115 204 4.0497092800180923
101 192 3.9269908169872414
105 234 4.2706025134736247
67 229 4.172427743048944
69 190 0.78539816339744828
50 233 4.0987966652304335
75 279 4.5160394395353274
99 290 4.6387579025661791
123 268 4.5896705173538388
71 136 0.63813600776042678
90 114 3.77972866135022
