351
492
500
55
96 90 0.58904862254808621
119 102 3.3870295796514958
67 95 0.68722339297276724
46 133 3.9515345095934116
32 151 0.88357293382212931
112 152 3.7060975835317089
171 131 6.0622920737240538
158 175 6.1359231515425643
153 184 3.1415926535897931
140 211 0.63813600776042678
164 222 5.6941366846315
180 209 5.6205056068129888
192 176 5.8904862254808616
204 204 5.5468745289944783
238 216 5.4732434511759678
233 244 5.2278065251142651
215 250 5.0069132916587327
232 275 5.0069132916587327
201 275 4.6878452877785195
253 294 4.9578259064463923
248 308 4.81056375080937
273 288 5.1050880620834143
241 341 4.6878452877785195
248 345 1.6198837120072371
214 354 4.3933209765044765
151 307 1.3499030933393643
143 300 1.521708941582556
145 314 1.7671458676442586
138 324 1.5462526341887264
131 328 2.0371264863121317
126 298 1.7916895602504288
137 277 1.4480778637640452
107 279 4.71238898038469
144 254 4.614214209960009
154 264 4.6878452877785195
153 343 3.877903431774901
159 366 3.7060975835317089
154 383 3.5588354278946874
150 384 0.36815538909255385
167 391 0.46633015951723489
134 396 3.2643111166206444
141 415 0.12271846303085129
177 420 0.26998061866787282
197 410 0.46633015951723489
103 391 5.64504929941916
87 305 4.81056375080937
62 301 4.614214209960009
84 249 4.3933209765044765
42 256 4.2951462060797949
27 260 4.2951462060797949
42 216 0.95720401164064006
87 222 4.2706025134736247
77 208 4.0987966652304335
206 105 5.7923114550561809
242 142 5.7677677624500108
