351
492
500
60
81 44 0.53996123733574564
103 59 3.4361169648638361
94 111 3.6815538909255388
151 95 6.0132046885117134
129 143 3.1170489609836229
139 140 6.0132046885117134
121 175 0.53996123733574564
145 189 5.5468745289944783
159 175 5.6205056068129888
172 142 5.8659425328746915
185 171 5.5468745289944783
135 212 5.056000676871073
128 212 4.1233403578366037
129 224 4.4424083617168169
134 230 4.5896705173538388
121 248 1.5462526341887264
126 268 1.5462526341887264
134 274 1.2517283229146832
124 286 1.6935147898257479
123 291 1.3744467859455345
116 289 2.086213871524472
108 266 1.88986433067511
91 248 4.81056375080937
69 270 4.9332822138402221
48 265 4.6878452877785195
63 213 4.3933209765044765
25 212 4.3687772838983063
66 183 4.2706025134736247
56 170 4.0987966652304335
142 309 3.9515345095934116
143 336 3.6815538909255388
141 351 3.5588354278946874
126 354 0.22089323345553233
152 361 0.46633015951723489
134 375 3.3624858870453256
123 388 0.12271846303085129
165 391 0.22089323345553233
184 382 0.44178646691106466
189 397 0.26998061866787282
193 331 4.2951462060797949
227 312 4.71238898038469
234 316 1.5462526341887264
246 327 4.614214209960009
256 312 4.9578259064463923
261 292 5.1050880620834143
273 279 2.0371264863121317
250 256 5.203262832508095
238 262 5.0069132916587327
258 242 5.203262832508095
231 279 4.7860200582032
212 247 4.9578259064463923
185 240 4.81056375080937
198 221 5.1296317546895844
215 212 5.2278065251142651
220 183 5.5223308363883081
264 193 5.4486997585697976
277 206 2.2825634123738339
222 109 5.7923114550561809
231 85 2.6261751088602177
196 69 5.7923114550561809
