351
492
500
53
186 98 5.7923114550561809
193 126 2.6016314162540475
202 126 5.64504929941916
212 139 5.64504929941916
215 112 2.6998061866787286
144 124 6.0377483811178836
161 163 5.8659425328746915
130 167 6.1850105367549055
124 172 3.1415926535897931
115 201 0.53996123733574564
124 216 3.6815538909255388
132 222 5.1787191399019248
137 215 5.71868037723767
125 233 5.0069132916587327
114 232 4.1969714356551142
116 246 4.3933209765044765
129 250 4.5896705173538388
107 267 1.4480778637640452
116 291 1.4480778637640452
97 290 1.7916895602504288
119 302 1.4726215563702154
116 310 1.5462526341887264
100 323 4.9578259064463923
84 323 1.8653206380689396
75 338 1.88986433067511
90 357 5.0069132916587327
98 355 1.7671458676442586
92 365 1.8653206380689396
76 376 5.056000676871073
67 359 1.9389517158874505
117 338 1.5462526341887264
127 330 1.2762720155208536
129 338 1.1290098598838319
78 280 4.8841948286278818
70 268 1.6935147898257479
52 239 4.5405831321414976
58 208 4.1233403578366037
45 200 4.0497092800180923
81 137 3.8533597391687304
88 102 0.71176708557893753
157 204 5.4732434511759678
175 201 5.5223308363883081
215 203 2.1843886419491532
246 210 5.1787191399019248
182 260 1.5462526341887264
174 262 4.614214209960009
190 263 4.71238898038469
204 272 4.81056375080937
214 317 1.4726215563702154
218 325 4.614214209960009
242 325 1.6689710972195777
188 348 4.3933209765044765
190 377 1.0308350894591509
