351
492
500
46
97 36 0.46633015951723489
115 57 3.4606606574700063
107 110 3.7060975835317089
173 94 6.0377483811178836
189 134 5.8659425328746915
180 167 5.5468745289944783
204 163 5.5468745289944783
166 183 5.5223308363883081
140 168 0.51541754472957546
149 222 4.3933209765044765
130 218 4.6878452877785195
133 234 1.4235341711578751
133 256 1.3744467859455345
115 258 1.6198837120072371
104 244 4.76147636559703
106 283 1.7916895602504288
127 282 1.3744467859455345
126 284 1.3744467859455345
114 296 1.7671458676442586
131 301 1.1780972450961724
130 312 1.2026409377023426
118 315 1.6935147898257479
100 306 1.9634954084936207
104 328 2.1107575641306422
123 334 1.9389517158874505
137 331 1.4235341711578751
141 340 1.4480778637640452
185 379 0.58904862254808621
212 374 0.68722339297276724
210 314 4.2951462060797949
241 306 1.4726215563702154
230 296 4.6387579025661791
266 303 4.81056375080937
269 289 4.8841948286278818
200 227 4.81056375080937
215 206 5.1050880620834143
230 209 5.3750686807512871
244 199 2.2825634123738339
248 208 5.3750686807512871
240 179 5.3014376029327757
81 211 4.4424083617168169
81 171 4.172427743048944
72 165 4.0497092800180923
77 262 4.81056375080937
57 261 4.71238898038469
57 285 1.7180584824319181
