351
492
500
54
91 55 0.58904862254808621
93 94 3.6815538909255388
134 120 3.1415926535897931
143 125 6.0622920737240538
174 120 5.71868037723767
164 157 5.5468745289944783
180 152 5.6205056068129888
198 138 2.454369260617026
217 144 5.4732434511759678
229 163 2.3071071049800045
225 170 5.3750686807512871
239 165 5.4486997585697976
215 192 5.203262832508095
191 198 5.1787191399019248
184 214 4.8596511360217116
148 169 5.5468745289944783
124 164 0.58904862254808621
123 197 4.5405831321414976
132 208 4.6878452877785195
118 223 1.5462526341887264
106 240 1.9634954084936207
89 232 4.8841948286278818
116 257 1.9389517158874505
130 251 1.4480778637640452
129 245 1.521708941582556
122 274 4.8596511360217116
111 288 1.7916895602504288
108 304 1.8653206380689396
106 316 1.9634954084936207
89 316 2.0371264863121317
88 305 2.0371264863121317
89 273 5.1050880620834143
83 263 1.9389517158874505
63 249 4.8596511360217116
45 273 1.88986433067511
64 204 1.521708941582556
63 186 1.5462526341887264
62 159 4.2706025134736247
160 80 5.9395736106932029
193 56 5.7677677624500108
228 103 5.8413988402685213
212 240 4.76147636559703
222 256 4.8596511360217116
229 250 5.1050880620834143
242 259 5.2278065251142651
219 282 4.76147636559703
257 280 5.1050880620834143
246 295 4.8841948286278818
234 299 1.5953400194010667
239 308 4.614214209960009
204 298 4.3442335912921362
201 332 1.0308350894591509
273 258 2.1107575641306422
260 231 5.2278065251142651
