351
492
500
65
194 21 5.64504929941916
153 48 5.9395736106932029
172 91 5.64504929941916
134 86 5.9641173032993731
126 101 3.0188741905589418
121 122 0.26998061866787282
139 134 5.5959619142068187
159 126 5.3750686807512871
182 123 5.4486997585697976
200 163 5.3014376029327757
217 148 5.2768939103266055
220 164 2.1843886419491532
223 172 5.3014376029327757
188 175 5.0069132916587327
173 188 4.6387579025661791
199 203 4.8841948286278818
231 217 1.8653206380689396
221 223 4.8841948286278818
240 216 5.1296317546895844
247 204 5.1296317546895844
248 235 1.9634954084936207
227 247 4.8596511360217116
209 232 4.8596511360217116
204 261 4.76147636559703
242 255 5.0314569842649028
240 272 4.8841948286278818
219 278 1.4480778637640452
181 275 4.5160394395353274
162 288 1.3008157081270237
150 297 4.6387579025661791
140 278 4.5896705173538388
136 266 1.3744467859455345
133 257 1.521708941582556
114 253 4.8841948286278818
120 278 1.6198837120072371
96 259 1.5953400194010667
91 266 4.7860200582032
81 268 1.8653206380689396
95 280 1.6935147898257479
94 293 1.7916895602504288
85 305 5.0069132916587327
75 300 1.9389517158874505
76 321 1.88986433067511
74 329 1.9389517158874505
127 308 1.6935147898257479
146 321 1.4480778637640452
162 314 1.2026409377023426
186 311 1.0308350894591509
113 230 1.5953400194010667
119 224 1.4726215563702154
111 215 1.5953400194010667
95 210 1.7671458676442586
107 190 1.521708941582556
81 202 4.81056375080937
74 234 1.8407769454627694
78 242 4.9578259064463923
57 220 4.81056375080937
37 227 4.6878452877785195
29 180 4.2215151282612844
56 162 4.3933209765044765
115 164 4.5160394395353274
122 175 4.5896705173538388
57 126 4.2215151282612844
49 118 4.1233403578366037
91 58 3.6324665057131984
