351
492
500
47
110 113 0.58904862254808621
132 128 3.5097480426823471
76 129 0.78539816339744828
63 164 3.9760782021995817
46 185 0.88357293382212931
129 177 3.7551849687440497
183 155 6.1850105367549055
171 198 3.2152237314083041
179 200 6.1850105367549055
210 199 5.8659425328746915
197 231 5.64504929941916
222 226 5.5959619142068187
183 243 5.64504929941916
160 233 0.46633015951723489
168 279 4.4424083617168169
173 283 4.614214209960009
157 301 1.4726215563702154
160 323 1.4480778637640452
167 333 1.3744467859455345
161 343 1.3744467859455345
144 336 1.7180584824319181
146 350 1.7671458676442586
150 370 1.6689710972195777
140 368 1.9389517158874505
158 384 1.1780972450961724
148 395 1.7180584824319181
166 395 0.95720401164064006
173 377 0.95720401164064006
131 399 2.1353012567368124
134 409 2.1353012567368124
135 422 5.3014376029327757
108 335 4.9578259064463923
84 336 4.6878452877785195
127 307 4.7860200582032
104 278 4.466952054322987
65 286 4.2951462060797949
63 246 0.95720401164064006
96 237 4.172427743048944
108 244 4.2951462060797949
223 294 4.76147636559703
234 270 5.056000676871073
252 298 5.056000676871073
253 260 5.203262832508095
263 238 5.4241560659636274
256 162 5.8413988402685213
217 127 5.8904862254808616
245 379 4.2951462060797949
