351
492
500
44
136 86 0.58904862254808621
158 97 3.4606606574700063
102 103 0.63813600776042678
89 136 3.9760782021995817
74 156 0.88357293382212931
155 148 3.7551849687440497
210 127 6.1850105367549055
206 172 6.0132046885117134
197 179 3.1415926535897931
184 204 0.58904862254808621
207 216 5.6941366846315
224 205 5.5959619142068187
242 200 5.5468745289944783
236 172 5.8413988402685213
281 184 2.3071071049800045
295 208 5.203262832508095
275 240 5.1296317546895844
272 252 2.0371264863121317
257 245 5.056000676871073
245 269 4.76147636559703
192 250 4.6878452877785195
192 253 4.6387579025661791
180 273 1.3744467859455345
182 292 1.4480778637640452
169 298 1.7916895602504288
171 314 1.7916895602504288
180 324 4.6878452877785195
193 322 1.1780972450961724
168 334 1.7180584824319181
161 332 1.8653206380689396
193 350 1.0553787820653211
149 277 4.6387579025661791
130 304 4.8596511360217116
106 302 4.6878452877785195
76 311 1.4480778637640452
74 260 4.3933209765044765
89 254 4.3933209765044765
59 257 1.3008157081270237
90 212 0.95720401164064006
127 247 4.4424083617168169
132 216 4.2706025134736247
121 205 4.0987966652304335
256 360 4.3442335912921362
257 387 1.0308350894591509
