351
492
500
55
133 48 6.1113794589363941
154 76 5.8904862254808616
176 73 2.6261751088602177
176 123 5.7923114550561809
209 140 2.6261751088602177
201 163 5.64504929941916
128 145 6.0132046885117134
144 193 5.8413988402685213
119 188 6.0377483811178836
108 194 3.0925052683774528
97 221 0.51541754472957546
119 234 5.5959619142068187
137 225 5.4732434511759678
161 220 5.4486997585697976
194 234 5.350524988145116
187 263 5.2278065251142651
169 269 5.0314569842649028
175 293 4.8841948286278818
155 287 4.6878452877785195
199 312 4.9332822138402221
195 331 4.81056375080937
216 314 5.056000676871073
227 297 5.1787191399019248
225 346 5.1050880620834143
216 365 4.9332822138402221
207 365 1.6935147898257479
187 356 4.6387579025661791
168 374 4.2951462060797949
162 428 0.53996123733574564
111 409 0.41724277430489443
104 421 3.2643111166206444
103 399 3.6079228131070282
94 401 0.19634954084936207
104 383 3.77972866135022
85 428 0.024543692606170259
104 354 3.9269908169872414
82 333 2.086213871524472
100 322 1.2517283229146832
98 307 1.3744467859455345
91 293 1.4235341711578751
76 310 1.7916895602504288
57 292 4.71238898038469
105 275 4.466952054322987
100 268 4.3933209765044765
102 256 4.6878452877785195
97 249 0.58904862254808621
36 258 4.3687772838983063
40 230 4.2215151282612844
32 215 4.0251655874119221
35 318 4.8841948286278818
74 160 3.6324665057131984
84 117 3.3624858870453256
60 89 0.36815538909255385
237 247 5.3014376029327757
244 259 2.2089323345553233
