351
492
500
45
119 77 0.6135923151542565
144 82 3.4606606574700063
88 85 0.63813600776042678
73 121 3.9760782021995817
58 141 0.93266031903446978
140 134 3.6815538909255388
199 113 6.0622920737240538
178 161 3.1906800388021335
190 157 6.0622920737240538
168 190 0.63813600776042678
193 202 5.64504929941916
208 190 5.5468745289944783
221 158 5.8413988402685213
232 186 5.5223308363883081
271 168 2.2825634123738339
281 198 5.203262832508095
261 220 5.1787191399019248
256 238 1.8407769454627694
242 232 5.0314569842649028
229 254 4.71238898038469
177 236 4.3687772838983063
176 239 4.81056375080937
165 261 1.521708941582556
165 280 1.521708941582556
154 285 1.7180584824319181
173 294 1.3744467859455345
172 297 1.3744467859455345
157 303 1.6689710972195777
154 324 1.7916895602504288
144 323 1.88986433067511
171 341 1.2026409377023426
184 334 0.95720401164064006
134 263 4.81056375080937
115 290 4.81056375080937
94 288 4.6387579025661791
112 232 4.466952054322987
73 240 4.3687772838983063
58 245 4.1969714356551142
74 201 0.95720401164064006
116 202 4.2706025134736247
105 191 4.172427743048944
241 344 4.3442335912921362
227 376 4.0987966652304335
237 374 1.0062913968529805
228 86 5.8904862254808616
