351
492
500
55
230 105 5.9641173032993731
216 137 5.8904862254808616
230 155 5.4732434511759678
208 155 5.9641173032993731
192 167 0.049087385212340517
193 179 5.71868037723767
193 197 4.614214209960009
180 145 0.51541754472957546
146 150 4.0987966652304335
107 173 1.1780972450961724
127 250 1.0553787820653211
176 282 4.2706025134736247
182 302 4.2951462060797949
202 299 1.1290098598838319
191 316 1.1780972450961724
188 320 1.1780972450961724
202 316 4.1969714356551142
197 335 1.1290098598838319
178 327 4.3442335912921362
196 347 1.0308350894591509
184 355 1.1044661672776617
174 368 0.93266031903446978
165 363 1.2026409377023426
161 344 4.5160394395353274
157 326 1.2762720155208536
146 324 4.2951462060797949
133 322 4.172427743048944
136 362 0.78539816339744828
148 387 0.34361169648638362
193 405 0.2945243112740431
222 407 0.26998061866787282
232 428 0.024543692606170259
237 384 0.51541754472957546
215 340 0.95720401164064006
250 342 0.859029241215959
262 322 0.88357293382212931
266 317 4.614214209960009
266 314 4.6878452877785195
271 326 2.84706834231575
283 312 2.0371264863121317
269 297 4.9332822138402221
289 334 2.6261751088602177
258 271 4.81056375080937
270 267 5.0069132916587327
237 278 1.4480778637640452
235 271 4.6387579025661791
215 294 4.3442335912921362
200 281 4.3442335912921362
229 224 4.7860200582032
249 226 5.0069132916587327
261 198 5.1296317546895844
290 234 5.1787191399019248
102 290 0.95720401164064006
125 415 0.34361169648638362
128 441 0.19634954084936207
