351
492
500
43
188 120 5.8904862254808616
174 148 5.7923114550561809
186 166 5.5468745289944783
165 172 5.6941366846315
149 183 5.9641173032993731
139 195 6.0622920737240538
146 206 4.6878452877785195
133 155 0.58904862254808621
102 159 4.0987966652304335
172 234 4.81056375080937
173 241 1.6689710972195777
184 231 4.9332822138402221
205 233 5.056000676871073
218 205 5.203262832508095
249 241 5.203262832508095
228 273 5.0314569842649028
214 282 4.7860200582032
229 305 4.9332822138402221
226 322 3.9269908169872414
220 328 0.859029241215959
232 331 0.51541754472957546
247 337 2.6998061866787286
209 350 0.71176708557893753
175 340 0.93266031903446978
179 300 4.4424083617168169
147 319 1.0553787820653211
143 299 1.1290098598838319
137 300 4.1969714356551142
140 290 4.2215151282612844
157 288 4.3933209765044765
114 349 0.68722339297276724
158 408 0.34361169648638362
197 400 0.46633015951723489
184 416 0.2945243112740431
196 436 0.024543692606170259
109 404 0.34361169648638362
96 429 0.19634954084936207
96 451 0.12271846303085129
74 261 1.0553787820653211
275 338 2.5034566458293663
277 275 2.1353012567368124
280 210 2.1353012567368124
258 171 5.350524988145116
