351
492
500
41
226 101 5.9395736106932029
214 127 5.9641173032993731
229 149 5.5223308363883081
210 154 5.6205056068129888
178 136 0.58904862254808621
188 172 0.41724277430489443
195 194 4.614214209960009
189 201 4.466952054322987
226 216 4.7860200582032
246 219 5.0069132916587327
259 190 5.1296317546895844
291 226 5.1787191399019248
267 259 5.0069132916587327
252 265 4.76147636559703
266 288 4.8596511360217116
258 299 4.5160394395353274
278 303 2.012582793705961
266 317 2.7979809571034093
288 324 2.4298255680108558
246 331 0.78539816339744828
209 322 0.88357293382212931
211 283 4.3687772838983063
196 293 1.1290098598838319
183 288 4.2951462060797949
186 303 1.0062913968529805
190 271 4.3687772838983063
175 272 4.1233403578366037
151 330 0.58904862254808621
230 376 0.41724277430489443
216 397 0.19634954084936207
223 419 6.1850105367549055
188 389 0.22089323345553233
140 380 0.34361169648638362
117 402 0.26998061866787282
122 429 0.098174770424681035
90 398 0.34361169648638362
117 463 0.12271846303085129
149 453 6.1359231515425643
98 330 0.6135923151542565
123 239 1.0308350894591509
145 142 4.0497092800180923
