351
492
500
39
180 127 6.0132046885117134
171 157 5.9641173032993731
184 178 5.5468745289944783
164 182 5.8659425328746915
132 167 0.63813600776042678
144 202 0.34361169648638362
98 172 4.0987966652304335
178 242 4.7860200582032
186 240 4.9332822138402221
175 251 1.5953400194010667
207 241 5.0069132916587327
219 214 5.203262832508095
252 244 5.2278065251142651
231 280 5.056000676871073
217 290 4.81056375080937
227 308 4.76147636559703
224 322 4.614214209960009
217 333 0.95720401164064006
205 354 0.78539816339744828
178 346 0.93266031903446978
176 310 4.2951462060797949
149 327 1.0308350894591509
158 298 4.2951462060797949
133 306 4.172427743048944
122 359 0.63813600776042678
202 397 0.51541754472957546
188 421 0.34361169648638362
199 441 0.12271846303085129
159 420 0.36815538909255385
111 411 0.34361169648638362
91 433 0.22089323345553233
97 459 0.098174770424681035
75 275 1.0308350894591509
255 350 2.675262494072558
271 343 2.454369260617026
251 326 2.2580197197676637
281 372 2.6998061866787286
276 280 2.1843886419491532
258 184 5.3750686807512871
