351
492
500
45
206 110 5.7923114550561809
184 137 5.7923114550561809
192 153 5.5468745289944783
173 161 5.7677677624500108
161 163 6.0622920737240538
142 143 0.53996123733574564
153 194 5.1787191399019248
154 196 5.056000676871073
155 208 1.4726215563702154
154 210 4.5405831321414976
156 210 4.614214209960009
144 206 4.172427743048944
194 221 4.8841948286278818
211 224 5.0069132916587327
222 195 5.1296317546895844
221 269 4.7860200582032
234 267 5.0314569842649028
200 268 4.614214209960009
200 279 1.4235341711578751
233 295 4.81056375080937
230 313 4.466952054322987
227 321 1.1044661672776617
214 340 0.83448554860978885
176 341 1.0062913968529805
164 325 1.1290098598838319
159 336 1.1780972450961724
152 330 1.2026409377023426
165 312 4.3442335912921362
165 300 1.3744467859455345
149 283 1.3499030933393643
138 287 4.466952054322987
139 296 4.466952054322987
127 290 1.3744467859455345
105 282 4.3687772838983063
92 288 1.2762720155208536
79 272 1.4480778637640452
108 261 1.2762720155208536
79 227 1.2762720155208536
124 345 4.5896705173538388
146 357 1.1780972450961724
159 354 0.95720401164064006
161 398 0.2945243112740431
190 406 0.26998061866787282
204 382 0.53996123733574564
105 146 4.0497092800180923
