351
492
500
48
187 101 5.9395736106932029
166 124 6.0132046885117134
182 150 5.4486997585697976
161 155 5.8413988402685213
142 170 0.17180584824319181
130 140 0.6135923151542565
141 198 4.3933209765044765
150 204 4.76147636559703
186 217 4.8596511360217116
204 219 5.056000676871073
215 188 5.1787191399019248
250 221 5.1787191399019248
230 260 5.0314569842649028
216 265 4.8841948286278818
199 272 1.5953400194010667
195 261 4.7860200582032
174 290 4.5160394395353274
162 295 1.3499030933393643
151 312 1.2026409377023426
141 300 4.2951462060797949
133 288 4.3442335912921362
117 307 1.0062913968529805
118 317 0.95720401164064006
118 342 0.63813600776042678
174 330 1.0062913968529805
209 338 0.859029241215959
223 314 0.68722339297276724
228 310 4.5405831321414976
233 318 2.9206994201342606
223 301 4.614214209960009
229 288 4.9332822138402221
246 303 2.2580197197676637
253 325 2.675262494072558
202 378 0.51541754472957546
188 401 0.22089323345553233
197 422 6.2095542293610757
160 395 0.34361169648638362
114 383 0.26998061866787282
93 404 0.17180584824319181
91 435 0.049087385212340517
66 272 1.3744467859455345
97 263 1.3744467859455345
104 246 1.3008157081270237
98 239 4.4424083617168169
72 229 1.2026409377023426
62 232 4.4424083617168169
57 169 1.2517283229146832
95 145 4.1233403578366037
