351
492
500
49
213 119 5.9641173032993731
197 147 5.9641173032993731
211 166 5.5223308363883081
187 171 5.9395736106932029
170 187 0.19634954084936207
159 157 0.58904862254808621
127 162 4.0497092800180923
178 215 4.7860200582032
174 223 4.5405831321414976
211 233 4.9332822138402221
232 233 5.056000676871073
244 204 5.2278065251142651
277 235 5.2278065251142651
257 273 5.1050880620834143
245 277 4.9332822138402221
253 299 4.9332822138402221
224 277 4.71238898038469
223 286 1.4726215563702154
201 304 4.466952054322987
190 309 1.2026409377023426
185 290 4.4424083617168169
162 299 4.3687772838983063
167 315 4.466952054322987
178 328 1.3499030933393643
185 339 1.2762720155208536
204 349 0.95720401164064006
187 363 1.0553787820653211
175 366 1.3008157081270237
171 388 0.78539816339744828
169 390 0.78539816339744828
161 394 0.95720401164064006
152 398 0.93266031903446978
151 360 4.71238898038469
147 329 1.1290098598838319
133 340 4.4424083617168169
131 324 4.3933209765044765
146 317 1.1290098598838319
119 325 1.4235341711578751
119 307 1.3744467859455345
91 328 4.9332822138402221
113 348 1.521708941582556
105 362 4.81056375080937
190 409 0.44178646691106466
219 413 0.34361169648638362
229 390 0.58904862254808621
229 434 0.098174770424681035
232 350 0.88357293382212931
251 325 0.46633015951723489
261 330 3.1906800388021335
