351
492
500
28
175 120 5.8904862254808616
160 145 5.9641173032993731
175 173 5.3750686807512871
155 178 5.5959619142068187
140 190 5.71868037723767
132 209 4.6878452877785195
123 220 4.0497092800180923
126 157 0.51541754472957546
94 158 4.0251655874119221
167 244 4.7860200582032
187 245 4.9578259064463923
203 217 5.1050880620834143
231 248 5.1296317546895844
211 289 4.9578259064463923
191 293 4.6878452877785195
204 317 4.9332822138402221
195 327 4.4424083617168169
205 338 2.2825634123738339
216 328 2.012582793705961
227 350 2.5280003384355365
173 362 0.78539816339744828
149 310 4.3442335912921362
134 319 1.1780972450961724
124 330 1.1290098598838319
114 320 4.2951462060797949
168 403 0.41724277430489443
154 424 0.22089323345553233
160 445 6.2095542293610757
