351
492
500
40
175 118 6.0377483811178836
165 147 5.8659425328746915
177 168 5.4241560659636274
157 173 5.6205056068129888
138 183 6.0377483811178836
134 201 5.1787191399019248
139 215 4.5160394395353274
159 239 4.6878452877785195
162 246 1.5462526341887264
171 234 4.81056375080937
191 237 4.9578259064463923
206 208 5.1787191399019248
236 241 5.1296317546895844
212 278 5.0069132916587327
197 287 4.76147636559703
210 308 4.81056375080937
200 333 0.19634954084936207
213 337 3.1170489609836229
191 350 0.68722339297276724
234 342 2.5280003384355365
230 324 2.1843886419491532
261 280 2.1107575641306422
155 306 4.3442335912921362
154 342 0.93266031903446978
136 310 1.2026409377023426
140 290 4.3442335912921362
119 296 4.2215151282612844
117 291 4.1233403578366037
128 322 1.0553787820653211
91 354 0.63813600776042678
85 404 0.26998061866787282
65 425 0.26998061866787282
70 453 0.098174770424681035
132 417 0.2945243112740431
163 419 0.2945243112740431
172 440 0
178 396 0.51541754472957546
59 263 1.0062913968529805
92 159 4.0251655874119221
126 154 0.53996123733574564
