351
492
500
38
190 120 6.0132046885117134
179 146 5.9641173032993731
195 173 5.5223308363883081
176 177 5.71868037723767
158 190 6.0622920737240538
156 207 5.203262832508095
147 211 4.3687772838983063
145 217 1.2517283229146832
159 226 4.466952054322987
195 242 4.8596511360217116
215 241 5.0069132916587327
226 216 5.1787191399019248
259 242 5.2278065251142651
238 281 5.0314569842649028
223 288 4.76147636559703
238 311 4.9332822138402221
230 321 4.6878452877785195
241 338 2.84706834231575
256 324 2.2825634123738339
262 342 2.675262494072558
211 356 0.93266031903446978
186 342 0.95720401164064006
182 308 4.3687772838983063
170 315 1.2762720155208536
159 300 1.3499030933393643
162 296 4.4424083617168169
161 328 1.2762720155208536
149 320 4.3687772838983063
124 358 0.760854470791278
206 399 0.44178646691106466
194 421 0.26998061866787282
202 441 0.098174770424681035
167 413 0.36815538909255385
118 408 0.2945243112740431
88 269 1.0553787820653211
113 163 4.0987966652304335
144 160 0.6135923151542565
255 177 5.350524988145116
