351
492
500
37
179 146 6.0377483811178836
169 176 5.9395736106932029
183 194 5.5223308363883081
162 201 5.7677677624500108
144 214 0.17180584824319181
131 184 0.63813600776042678
100 189 4.0987966652304335
182 261 4.8841948286278818
215 234 5.1787191399019248
203 264 5.0314569842649028
246 270 5.1787191399019248
226 302 5.0314569842649028
212 311 4.81056375080937
227 333 4.9578259064463923
225 349 4.172427743048944
221 356 1.0308350894591509
248 347 2.2825634123738339
246 366 2.6998061866787286
274 363 2.454369260617026
281 394 2.7734372644972392
203 380 0.93266031903446978
176 369 1.0062913968529805
172 332 4.466952054322987
150 356 1.0062913968529805
156 319 4.3933209765044765
144 326 4.3442335912921362
114 386 0.760854470791278
199 426 0.53996123733574564
188 446 0.36815538909255385
199 465 0.19634954084936207
159 446 0.41724277430489443
109 439 0.36815538909255385
74 291 1.0308350894591509
272 299 2.1107575641306422
272 232 2.1353012567368124
282 238 5.350524988145116
253 196 5.3750686807512871
