351
492
500
41
191 124 5.9641173032993731
183 155 5.8904862254808616
195 175 5.4486997585697976
168 184 5.8904862254808616
154 200 6.1850105367549055
155 211 4.2215151282612844
145 218 4.2215151282612844
144 220 1.1044661672776617
160 234 4.614214209960009
181 245 4.76147636559703
181 249 1.5953400194010667
192 243 4.81056375080937
213 246 5.0069132916587327
225 215 5.1787191399019248
256 247 5.203262832508095
240 291 5.0314569842649028
220 294 4.7860200582032
234 317 5.0069132916587327
254 330 2.1353012567368124
228 337 3.3379421944391554
236 343 2.84706834231575
258 347 2.5280003384355365
213 358 0.68722339297276724
178 354 0.93266031903446978
179 312 4.3687772838983063
160 318 1.1780972450961724
151 318 4.3442335912921362
154 333 1.0308350894591509
141 304 4.172427743048944
158 300 4.3687772838983063
121 355 0.68722339297276724
201 404 0.53996123733574564
186 427 0.34361169648638362
196 447 0.049087385212340517
161 419 0.34361169648638362
111 413 0.36815538909255385
91 434 0.098174770424681035
98 461 0.024543692606170259
85 272 1.0062913968529805
113 166 4.0497092800180923
144 163 0.63813600776042678
