351
492
500
91
140 17 0.6135923151542565
182 35 0.098174770424681035
142 69 0.68722339297276724
113 72 1.1044661672776617
94 69 4.2215151282612844
92 51 1.0308350894591509
136 107 1.0062913968529805
152 112 0.760854470791278
167 122 0.41724277430489443
178 164 4.3687772838983063
177 167 4.3687772838983063
178 177 4.5405831321414976
195 171 5.0314569842649028
199 188 4.81056375080937
174 199 4.5160394395353274
201 212 4.7860200582032
197 220 4.6878452877785195
217 237 1.5953400194010667
226 201 1.6198837120072371
227 169 1.8653206380689396
225 160 5.1050880620834143
222 127 2.1843886419491532
273 155 4.9578259064463923
281 190 1.6198837120072371
310 210 4.7860200582032
279 241 4.76147636559703
309 248 1.8653206380689396
247 279 4.76147636559703
214 276 4.5160394395353274
205 265 1.3744467859455345
206 262 4.5405831321414976
185 279 1.3744467859455345
170 288 4.5160394395353274
161 261 4.5160394395353274
158 309 1.2762720155208536
135 300 1.3008157081270237
152 330 1.1290098598838319
156 349 4.2706025134736247
170 352 1.2026409377023426
164 377 0.68722339297276724
188 375 0.83448554860978885
194 371 0.88357293382212931
180 393 0.34361169648638362
159 402 0.19634954084936207
134 355 0.63813600776042678
102 339 0.71176708557893753
98 352 0.36815538909255385
80 348 0.58904862254808621
79 316 1.0308350894591509
72 301 4.2215151282612844
48 300 0.88357293382212931
44 324 0.58904862254808621
52 351 0.44178646691106466
72 389 0.19634954084936207
96 406 0.17180584824319181
48 451 3.1170489609836229
101 478 3.3379421944391554
192 458 6.2095542293610757
210 393 0.6135923151542565
236 437 0.22089323345553233
238 401 0.63813600776042678
246 415 0.44178646691106466
226 381 1.0308350894591509
255 378 1.0062913968529805
276 384 0.53996123733574564
288 368 4.9332822138402221
303 386 2.454369260617026
265 346 4.5896705173538388
284 329 4.8596511360217116
220 319 4.466952054322987
266 455 0.024543692606170259
82 251 4.466952054322987
62 268 4.2706025134736247
43 250 4.2706025134736247
36 233 1.1290098598838319
39 226 4.2951462060797949
30 210 1.1780972450961724
14 186 4.466952054322987
96 210 1.3008157081270237
35 284 1.0062913968529805
101 142 1.1780972450961724
86 120 4.3933209765044765
81 118 1.2762720155208536
40 112 4.3442335912921362
239 87 5.3750686807512871
247 77 5.4241560659636274
259 89 2.1353012567368124
262 100 2.1107575641306422
255 55 2.2825634123738339
237 36 5.71868037723767
216 22 2.9452431127404308
