351
492
500
92
142 23 0.6135923151542565
183 40 0.098174770424681035
141 74 0.68722339297276724
115 73 1.0308350894591509
103 91 4.3687772838983063
102 95 1.2026409377023426
93 78 4.2215151282612844
97 51 1.0062913968529805
132 113 1.0308350894591509
154 110 0.53996123733574564
163 132 0.36815538909255385
170 163 4.172427743048944
168 174 4.5896705173538388
182 171 5.056000676871073
171 182 4.614214209960009
192 190 4.8841948286278818
165 199 4.5160394395353274
198 215 4.71238898038469
213 201 1.7671458676442586
190 225 4.614214209960009
210 243 1.5953400194010667
199 266 4.5405831321414976
199 271 1.3744467859455345
208 280 4.5405831321414976
179 286 1.3744467859455345
161 269 4.5160394395353274
160 293 4.3933209765044765
153 315 1.2762720155208536
145 327 1.3008157081270237
148 335 4.3687772838983063
148 345 1.2517283229146832
142 358 4.2951462060797949
139 366 4.2215151282612844
157 375 1.1780972450961724
163 357 1.2762720155208536
177 381 0.93266031903446978
185 371 1.0062913968529805
183 395 3.9515345095934116
179 416 3.9760782021995817
188 420 0.859029241215959
212 401 0.93266031903446978
219 394 0.95720401164064006
232 408 0.63813600776042678
245 381 1.1290098598838319
263 347 4.5896705173538388
277 331 4.7860200582032
214 326 4.466952054322987
240 284 4.81056375080937
270 242 4.81056375080937
294 245 1.7916895602504288
300 214 4.71238898038469
272 194 1.6198837120072371
261 157 4.9578259064463923
254 119 2.0371264863121317
235 117 5.1787191399019248
232 110 2.0371264863121317
235 95 5.3014376029327757
253 95 2.1353012567368124
241 80 5.4486997585697976
250 54 2.3561944901923448
237 43 5.6205056068129888
214 27 2.9452431127404308
217 134 2.0371264863121317
99 146 1.2026409377023426
84 128 4.3442335912921362
76 125 1.2026409377023426
93 215 1.2517283229146832
42 226 4.2215151282612844
32 238 1.1290098598838319
20 221 1.1780972450961724
44 257 4.2215151282612844
56 275 4.1969714356551142
73 260 4.3687772838983063
66 306 4.1969714356551142
42 307 0.859029241215959
32 292 1.0308350894591509
36 332 0.6135923151542565
72 323 0.95720401164064006
46 365 0.63813600776042678
90 363 0.78539816339744828
100 346 0.859029241215959
100 358 3.9760782021995817
112 377 0.83448554860978885
107 397 0.63813600776042678
133 406 3.877903431774901
141 393 0.93266031903446978
95 425 0.44178646691106466
65 410 0.44178646691106466
45 461 3.3870295796514958
129 309 1.3744467859455345
149 245 1.3744467859455345
144 240 4.5160394395353274
