351
492
500
93
192 19 3.2152237314083041
191 52 0.049087385212340517
222 40 2.7979809571034093
240 55 5.64504929941916
257 68 2.3071071049800045
248 94 5.4486997585697976
241 107 5.350524988145116
260 108 2.2089323345553233
262 129 2.086213871524472
221 146 2.1353012567368124
266 170 5.0069132916587327
277 209 1.5953400194010667
304 232 4.7860200582032
297 261 1.7671458676442586
273 258 4.7860200582032
240 298 4.76147636559703
208 296 4.466952054322987
179 299 1.3499030933393643
154 307 4.3687772838983063
151 326 1.2026409377023426
143 337 1.2026409377023426
145 346 4.2951462060797949
145 355 1.0553787820653211
146 365 4.1969714356551142
156 368 1.1780972450961724
136 375 4.0497092800180923
147 386 1.0062913968529805
152 394 0.6135923151542565
129 397 0.83448554860978885
111 384 0.78539816339744828
101 404 0.58904862254808621
89 374 0.859029241215959
98 365 3.9760782021995817
100 352 0.88357293382212931
70 330 0.88357293382212931
65 320 4.0497092800180923
42 310 0.83448554860978885
28 298 0.93266031903446978
57 282 4.172427743048944
36 267 4.0987966652304335
75 266 4.2951462060797949
34 245 1.0553787820653211
37 237 4.1969714356551142
26 226 1.1044661672776617
94 251 1.3499030933393643
93 241 4.4424083617168169
100 221 1.2762720155208536
146 249 4.466952054322987
151 255 1.3744467859455345
158 276 4.4424083617168169
193 237 4.5405831321414976
198 231 4.71238898038469
213 255 1.4726215563702154
221 217 1.6689710972195777
196 205 4.8596511360217116
193 188 5.0069132916587327
177 192 4.3687772838983063
176 195 4.614214209960009
178 177 3.6079228131070282
169 211 4.3687772838983063
169 145 0.34361169648638362
166 124 0.44178646691106466
138 124 0.95720401164064006
148 86 0.68722339297276724
120 85 0.95720401164064006
100 88 4.1969714356551142
104 61 0.93266031903446978
149 34 0.6135923151542565
89 138 4.2951462060797949
81 135 1.2026409377023426
104 156 1.1780972450961724
44 126 4.3933209765044765
129 317 1.2762720155208536
213 338 4.3687772838983063
176 374 1.0062913968529805
173 386 0.760854470791278
178 417 0.41724277430489443
166 428 3.4361169648638361
152 424 0.26998061866787282
156 451 0.26998061866787282
209 411 0.68722339297276724
217 399 1.0308350894591509
229 420 0.58904862254808621
251 394 1.0553787820653211
242 444 0.53996123733574564
224 465 0.41724277430489443
263 363 4.614214209960009
278 347 4.81056375080937
87 430 0.34361169648638362
56 421 0.53996123733574564
38 464 3.2888548092268146
46 372 0.71176708557893753
33 345 0.760854470791278
