351
492
500
79
132 70 0.6135923151542565
135 118 0.6135923151542565
106 122 1.0308350894591509
87 118 4.172427743048944
87 98 0.88357293382212931
122 163 0.95720401164064006
145 163 0.6135923151542565
156 178 0.22089323345553233
167 216 5.4732434511759678
160 223 5.1296317546895844
173 225 5.1050880620834143
156 236 4.3442335912921362
181 245 4.81056375080937
155 255 4.3442335912921362
181 270 4.6387579025661791
176 277 4.5896705173538388
199 294 1.5462526341887264
207 258 1.5953400194010667
213 226 1.7180584824319181
209 220 4.9578259064463923
207 187 2.0371264863121317
253 207 4.8841948286278818
245 168 2.1353012567368124
226 144 5.350524988145116
245 137 2.1843886419491532
233 130 5.4241560659636274
244 105 2.2825634123738339
225 90 5.7677677624500108
177 89 0.098174770424681035
264 246 1.521708941582556
291 268 4.7860200582032
284 297 1.7180584824319181
259 292 4.7860200582032
224 335 4.7860200582032
191 331 4.4424083617168169
195 374 4.3933209765044765
159 336 1.3008157081270237
133 342 4.3442335912921362
138 312 4.3687772838983063
131 294 1.2762720155208536
125 287 4.3687772838983063
105 353 1.2762720155208536
131 366 1.1290098598838319
120 372 1.2517283229146832
117 384 4.4424083617168169
109 384 1.2517283229146832
112 393 4.4424083617168169
124 400 1.2517283229146832
102 404 4.3442335912921362
101 411 1.1290098598838319
93 409 4.1233403578366037
84 416 0.83448554860978885
71 418 3.7551849687440497
62 407 0.6135923151542565
55 415 0.58904862254808621
72 398 3.80427235395639
66 386 0.68722339297276724
90 384 4.1233403578366037
97 435 4.172427743048944
135 424 1.1044661672776617
134 409 1.1780972450961724
190 444 0.71176708557893753
197 430 0.93266031903446978
208 452 0.53996123733574564
232 428 1.0308350894591509
242 398 4.5405831321414976
261 381 4.71238898038469
51 360 0.88357293382212931
38 348 4.0497092800180923
32 314 4.1233403578366037
49 304 4.2951462060797949
14 294 4.0251655874119221
77 260 1.2026409377023426
84 186 1.1290098598838319
72 173 4.1969714356551142
64 168 1.1044661672776617
29 159 4.2706025134736247
37 446 0.41724277430489443
54 458 0.36815538909255385
