351
492
500
83
150 90 0.6135923151542565
192 113 0.12271846303085129
150 144 0.6135923151542565
122 143 1.0308350894591509
111 157 4.2706025134736247
111 166 1.1290098598838319
104 137 4.172427743048944
106 116 0.859029241215959
139 181 0.88357293382212931
160 184 0.53996123733574564
169 206 0.36815538909255385
99 204 1.1044661672776617
89 188 4.172427743048944
80 185 1.0308350894591509
45 172 4.3442335912921362
16 246 4.3442335912921362
27 257 1.1290098598838319
29 285 4.2215151282612844
21 293 1.2026409377023426
30 312 4.2951462060797949
48 329 4.2215151282612844
64 318 4.3687772838983063
30 344 1.1290098598838319
36 360 1.0308350894591509
58 372 4.172427743048944
72 376 1.0553787820653211
33 390 0.859029241215959
45 414 0.53996123733574564
88 403 0.88357293382212931
78 420 0.71176708557893753
84 427 0.51541754472957546
122 432 0.53996123733574564
139 432 4.0251655874119221
140 418 4.3442335912921362
150 434 0.95720401164064006
156 442 0.71176708557893753
162 421 1.1044661672776617
147 403 1.2762720155208536
137 406 4.3442335912921362
143 386 1.2762720155208536
153 381 1.1780972450961724
126 369 1.2517283229146832
160 357 4.3687772838983063
184 349 1.3008157081270237
158 327 4.4424083617168169
219 341 4.466952054322987
224 307 1.5953400194010667
199 293 4.6387579025661791
204 284 4.8596511360217116
201 263 4.8596511360217116
174 274 4.3442335912921362
179 254 4.466952054322987
190 245 5.1787191399019248
232 245 1.88986433067511
230 237 5.1296317546895844
231 273 1.6935147898257479
225 205 2.1353012567368124
276 220 5.0314569842649028
266 183 2.2089323345553233
243 162 5.4486997585697976
263 154 2.2580197197676637
258 146 5.4486997585697976
263 123 2.2825634123738339
243 107 5.7923114550561809
290 259 1.7180584824319181
318 277 4.76147636559703
313 310 1.7916895602504288
288 308 4.8596511360217116
253 348 4.81056375080937
290 393 4.71238898038469
272 412 4.5160394395353274
262 444 1.0062913968529805
227 446 0.95720401164064006
231 467 0.44178646691106466
217 460 0.6135923151542565
188 429 0.93266031903446978
178 440 0.71176708557893753
181 464 0.17180584824319181
150 468 0.26998061866787282
223 390 4.466952054322987
84 478 0.26998061866787282
58 462 0.22089323345553233
92 276 1.2026409377023426
