351
492
500
70
167 22 0.859029241215959
138 28 1.2517283229146832
116 26 4.3687772838983063
165 63 1.1044661672776617
184 63 0.78539816339744828
197 76 0.53996123733574564
210 112 5.5468745289944783
210 121 4.5405831321414976
213 128 4.5405831321414976
224 121 5.1787191399019248
234 140 4.8841948286278818
209 151 4.5160394395353274
236 164 4.81056375080937
232 172 4.71238898038469
251 188 1.5953400194010667
259 149 1.7180584824319181
248 228 4.5160394395353274
279 228 4.76147636559703
220 231 1.3499030933393643
204 243 4.3933209765044765
197 216 4.466952054322987
192 263 1.3008157081270237
169 257 1.3008157081270237
182 291 1.0553787820653211
187 302 4.172427743048944
200 309 1.1044661672776617
190 332 0.58904862254808621
217 328 0.859029241215959
223 321 1.0553787820653211
209 346 0.34361169648638362
189 355 0.12271846303085129
165 309 0.760854470791278
133 294 0.760854470791278
128 309 0.51541754472957546
110 305 0.6135923151542565
115 273 1.0062913968529805
103 259 4.1969714356551142
77 258 0.83448554860978885
71 241 0.93266031903446978
52 243 1.0308350894591509
71 282 0.58904862254808621
80 308 0.51541754472957546
100 345 0.22089323345553233
124 362 0.22089323345553233
76 407 3.1906800388021335
40 326 0.2945243112740431
94 226 4.2215151282612844
74 208 4.1233403578366037
65 193 1.0308350894591509
69 185 4.1969714356551142
59 169 1.2026409377023426
46 150 4.3442335912921362
115 209 4.4424083617168169
130 165 1.3008157081270237
132 98 1.2517283229146832
114 80 4.5160394395353274
104 79 1.3744467859455345
62 75 4.4424083617168169
252 77 2.1353012567368124
252 48 2.2580197197676637
253 269 4.4424083617168169
257 327 1.0553787820653211
279 325 1.0553787820653211
266 351 0.63813600776042678
242 342 0.63813600776042678
275 364 0.51541754472957546
263 388 0.41724277430489443
250 438 0.049087385212340517
210 427 6.1359231515425643
295 293 4.5405831321414976
