351
492
500
80
106 46 0.63813600776042678
149 62 0.26998061866787282
111 94 0.68722339297276724
80 103 1.1290098598838319
71 118 4.3442335912921362
69 123 1.1780972450961724
58 94 4.3442335912921362
60 80 1.0553787820653211
98 135 1.0308350894591509
122 140 0.63813600776042678
135 160 0.34361169648638362
65 168 1.2026409377023426
53 153 4.3442335912921362
44 152 1.2517283229146832
146 209 4.614214209960009
163 201 5.1296317546895844
169 218 4.9332822138402221
143 232 4.5160394395353274
172 241 4.8596511360217116
167 249 4.71238898038469
190 264 1.6198837120072371
196 226 1.7180584824319181
189 300 4.614214209960009
222 301 4.81056375080937
198 343 4.466952054322987
159 306 1.4235341711578751
136 318 4.466952054322987
133 289 4.5160394395353274
124 271 1.3744467859455345
118 263 4.5160394395353274
106 332 1.3744467859455345
134 341 1.2762720155208536
124 350 1.3744467859455345
122 362 4.5405831321414976
131 373 1.3499030933393643
123 377 4.5160394395353274
140 378 1.2026409377023426
133 395 1.0308350894591509
114 389 4.1969714356551142
109 394 0.78539816339744828
136 404 0.71176708557893753
161 391 0.93266031903446978
164 387 1.0062913968529805
157 417 0.36815538909255385
133 429 0.34361169648638362
200 414 0.83448554860978885
206 399 1.0553787820653211
219 423 0.760854470791278
240 393 1.1780972450961724
246 362 4.6387579025661791
267 349 4.8596511360217116
228 456 0.6135923151542565
226 471 0.58904862254808621
71 438 0.2945243112740431
48 421 0.36815538909255385
69 394 0.58904862254808621
72 384 0.83448554860978885
72 369 0.859029241215959
55 345 1.0553787820653211
39 334 4.2215151282612844
27 302 4.1969714356551142
44 288 4.3933209765044765
53 271 4.5160394395353274
62 270 1.4480778637640452
66 242 1.3008157081270237
9 282 4.2706025134736247
24 383 0.53996123733574564
187 157 2.1843886419491532
203 114 5.4486997585697976
223 128 2.2580197197676637
221 106 2.2825634123738339
216 99 5.4732434511759678
220 74 2.4298255680108558
199 60 5.7677677624500108
236 173 5.056000676871073
251 211 1.7180584824319181
280 226 4.8596511360217116
276 259 1.8653206380689396
300 249 4.9578259064463923
252 257 4.7860200582032
