351
492
500
89
116 14 0.58904862254808621
154 40 0.17180584824319181
116 74 0.71176708557893753
88 76 1.1290098598838319
70 68 4.2706025134736247
68 48 1.0062913968529805
110 116 0.95720401164064006
130 116 0.63813600776042678
144 129 0.41724277430489443
76 147 1.1780972450961724
60 127 4.3687772838983063
56 123 1.2517283229146832
70 214 1.3008157081270237
154 183 4.6878452877785195
171 176 5.1296317546895844
176 195 4.9332822138402221
149 210 4.466952054322987
203 206 1.5953400194010667
197 238 1.5953400194010667
181 266 4.5160394395353274
180 272 1.3499030933393643
190 278 4.466952054322987
160 284 1.2762720155208536
143 292 4.3933209765044765
135 268 4.4424083617168169
130 312 1.2026409377023426
106 305 1.3008157081270237
121 340 1.0062913968529805
126 351 4.2951462060797949
139 359 1.1290098598838319
127 369 0.95720401164064006
117 368 3.9269908169872414
132 379 0.63813600776042678
153 375 0.78539816339744828
164 371 0.88357293382212931
150 394 0.2945243112740431
129 402 0.22089323345553233
102 359 0.6135923151542565
66 355 0.51541754472957546
69 341 0.760854470791278
57 353 0.53996123733574564
46 320 0.95720401164064006
40 305 4.0987966652304335
33 271 4.1969714356551142
53 257 4.3933209765044765
14 250 4.2215151282612844
19 352 0.36815538909255385
38 390 0.17180584824319181
64 407 0.19634954084936207
79 474 3.2888548092268146
70 477 3.3870295796514958
168 455 0.024543692606170259
200 476 0.098174770424681035
215 433 0.19634954084936207
225 412 0.51541754472957546
214 399 0.6135923151542565
224 378 0.88357293382212931
200 379 1.0062913968529805
185 392 0.58904862254808621
258 383 3.5342917352885173
273 377 2.1353012567368124
268 362 5.0069132916587327
285 394 2.6016314162540475
243 346 4.5160394395353274
263 327 4.76147636559703
297 331 5.1296317546895844
304 278 5.1050880620834143
283 242 1.8653206380689396
307 232 4.9578259064463923
287 209 4.8596511360217116
253 237 4.7860200582032
259 189 1.6935147898257479
300 167 1.6689710972195777
300 161 4.81056375080937
245 153 5.0314569842649028
237 109 2.1843886419491532
218 114 5.350524988145116
212 105 2.2580197197676637
234 90 2.2580197197676637
215 84 5.4241560659636274
225 74 5.4732434511759678
225 53 2.454369260617026
209 36 5.8413988402685213
191 21 2.8716120349219203
199 134 2.1843886419491532
225 282 4.81056375080937
196 321 4.466952054322987
249 450 0.049087385212340517
256 474 3.043417883165112
