351
492
500
85
150 49 0.53996123733574564
191 68 0.049087385212340517
149 99 0.68722339297276724
121 104 1.0553787820653211
109 121 4.2951462060797949
108 125 1.1780972450961724
101 104 4.1969714356551142
100 83 0.93266031903446978
139 142 0.95720401164064006
159 144 0.63813600776042678
172 163 0.36815538909255385
187 195 5.2278065251142651
179 203 4.5896705173538388
192 203 5.0314569842649028
176 216 4.466952054322987
177 234 4.5160394395353274
202 224 4.8841948286278818
204 248 4.76147636559703
199 255 4.614214209960009
220 273 1.5953400194010667
228 234 1.7180584824319181
217 308 4.5160394395353274
249 313 4.76147636559703
187 316 1.3744467859455345
164 294 4.4424083617168169
158 328 4.3687772838983063
160 346 1.2762720155208536
135 336 1.3499030933393643
121 368 4.172427743048944
97 372 0.760854470791278
95 386 0.6135923151542565
90 395 0.41724277430489443
127 396 0.71176708557893753
138 392 4.2215151282612844
155 384 1.3499030933393643
167 390 1.2026409377023426
161 401 1.0553787820653211
160 411 0.78539816339744828
181 407 0.83448554860978885
191 396 0.95720401164064006
183 431 0.19634954084936207
153 435 0.26998061866787282
171 479 2.9697868053466014
153 482 2.9697868053466014
146 477 6.1359231515425643
218 427 0.71176708557893753
226 411 0.93266031903446978
238 435 0.760854470791278
261 405 1.1290098598838319
273 373 4.614214209960009
287 356 4.81056375080937
223 353 4.4424083617168169
281 269 4.7860200582032
306 274 1.7671458676442586
311 242 4.7860200582032
283 223 1.6198837120072371
270 183 4.9332822138402221
262 146 2.1107575641306422
261 123 2.2580197197676637
241 121 5.4241560659636274
250 109 5.4486997585697976
240 69 5.71868037723767
224 164 2.1353012567368124
103 170 1.2517283229146832
90 156 4.3442335912921362
81 154 1.2517283229146832
45 146 4.2951462060797949
20 224 4.1969714356551142
25 243 1.1044661672776617
38 257 4.172427743048944
34 263 1.0062913968529805
39 284 4.1233403578366037
58 301 4.172427743048944
38 315 0.95720401164064006
42 333 0.83448554860978885
67 334 4.0987966652304335
82 346 0.95720401164064006
38 357 0.760854470791278
50 381 0.44178646691106466
68 421 0.26998061866787282
92 438 0.19634954084936207
76 289 4.3442335912921362
97 273 1.3499030933393643
95 262 4.4424083617168169
102 244 1.2762720155208536
