351
492
500
92
148 64 0.51541754472957546
189 82 0.049087385212340517
147 114 0.58904862254808621
119 114 1.0062913968529805
98 116 4.1969714356551142
104 90 0.93266031903446978
136 151 0.95720401164064006
155 153 0.58904862254808621
168 167 0.34361169648638362
172 207 4.3933209765044765
170 214 4.4424083617168169
172 222 4.614214209960009
188 216 4.9332822138402221
191 234 4.71238898038469
163 241 4.3933209765044765
193 261 4.6878452877785195
188 266 4.5405831321414976
207 283 1.4726215563702154
217 249 1.5953400194010667
223 217 1.8407769454627694
219 211 5.0069132916587327
220 179 2.0371264863121317
262 202 4.9332822138402221
259 161 2.0371264863121317
255 154 5.203262832508095
260 150 2.0371264863121317
257 140 2.1107575641306422
239 140 5.3014376029327757
246 125 5.3750686807512871
256 98 2.2580197197676637
238 84 5.64504929941916
220 70 2.8716120349219203
272 242 1.4726215563702154
300 261 4.76147636559703
268 290 4.7860200582032
299 299 1.8407769454627694
233 329 4.6878452877785195
202 324 4.5405831321414976
173 326 1.3008157081270237
148 332 4.3687772838983063
151 303 4.3933209765044765
145 283 1.3499030933393643
140 277 4.3933209765044765
144 353 1.2026409377023426
136 364 1.2517283229146832
132 375 4.466952054322987
137 384 1.3499030933393643
127 387 4.3933209765044765
117 379 1.0553787820653211
121 402 4.3442335912921362
149 403 1.1780972450961724
144 412 1.0553787820653211
164 420 1.0062913968529805
173 417 0.93266031903446978
170 435 3.9760782021995817
197 452 0.93266031903446978
209 433 1.0553787820653211
219 457 0.760854470791278
243 424 1.1290098598838319
256 390 4.5896705173538388
272 375 4.81056375080937
205 369 4.3687772838983063
114 430 4.2215151282612844
101 411 0.88357293382212931
89 442 3.80427235395639
80 401 0.760854470791278
88 392 3.9760782021995817
90 380 0.88357293382212931
103 371 4.2215151282612844
121 346 1.3008157081270237
64 355 0.859029241215959
58 337 4.1233403578366037
34 337 0.78539816339744828
26 323 0.95720401164064006
50 308 4.1233403578366037
38 289 4.172427743048944
69 293 4.3933209765044765
78 275 4.4424083617168169
88 276 1.3008157081270237
94 250 1.2517283229146832
39 258 4.172427743048944
21 269 0.95720401164064006
26 244 1.1044661672776617
18 226 4.2215151282612844
101 183 1.1780972450961724
93 164 4.2215151282612844
79 161 1.1044661672776617
44 151 4.3687772838983063
26 361 0.63813600776042678
34 393 0.53996123733574564
54 453 0.44178646691106466
80 464 0.51541754472957546
