351
492
500
80
97 72 1.1290098598838319
137 77 0.95720401164064006
159 112 0.78539816339744828
164 120 3.9515345095934116
186 130 0.6135923151542565
144 163 1.0308350894591509
162 183 1.0308350894591509
144 183 4.2706025134736247
187 183 0.760854470791278
182 221 1.0308350894591509
200 223 0.68722339297276724
212 242 0.46633015951723489
219 260 6.2095542293610757
216 272 4.2951462060797949
232 272 5.3750686807512871
226 283 4.6878452877785195
240 283 5.1050880620834143
250 299 5.0314569842649028
220 311 4.5160394395353274
212 302 4.4424083617168169
254 322 4.8596511360217116
247 331 4.6387579025661791
272 346 1.5953400194010667
279 304 1.8407769454627694
277 277 2.0371264863121317
275 271 5.203262832508095
269 237 2.2580197197676637
285 195 5.4732434511759678
305 191 2.2089323345553233
295 178 5.5468745289944783
277 139 5.8904862254808616
262 129 3.0188741905589418
231 145 0.19634954084936207
229 112 3.4361169648638361
243 100 0.17180584824319181
106 129 1.1044661672776617
85 144 4.2951462060797949
53 131 1.1044661672776617
92 224 4.3687772838983063
124 235 1.2517283229146832
133 236 4.3687772838983063
148 255 1.2517283229146832
57 250 4.2706025134736247
55 265 1.1044661672776617
65 299 4.2951462060797949
77 315 1.1290098598838319
90 333 4.2215151282612844
81 340 1.0553787820653211
86 361 4.0497092800180923
71 382 1.0062913968529805
84 388 0.859029241215959
106 378 4.1233403578366037
88 414 0.71176708557893753
84 430 0.51541754472957546
115 411 4.1233403578366037
131 423 0.95720401164064006
145 448 0.68722339297276724
140 462 0.51541754472957546
134 471 0.44178646691106466
92 458 0.44178646691106466
50 432 0.34361169648638362
32 385 3.9269908169872414
132 370 4.3687772838983063
186 410 1.3008157081270237
194 437 1.0308350894591509
201 436 1.0062913968529805
205 444 4.0987966652304335
204 459 4.172427743048944
215 464 1.0553787820653211
191 466 3.9269908169872414
177 470 0.58904862254808621
235 468 0.88357293382212931
213 421 1.2026409377023426
213 399 4.3933209765044765
241 389 1.3008157081270237
214 372 4.5405831321414976
276 378 4.614214209960009
307 382 4.76147636559703
276 426 4.4424083617168169
147 322 1.3499030933393643
