351
492
500
86
209 32 6.1359231515425643
193 39 3.2888548092268146
223 59 2.7979809571034093
192 74 0.12271846303085129
240 73 5.71868037723767
257 85 2.3561944901923448
251 115 5.4732434511759678
262 128 2.1843886419491532
244 131 5.350524988145116
265 149 2.1353012567368124
225 175 2.1353012567368124
270 189 4.9578259064463923
283 226 1.6198837120072371
310 241 4.76147636559703
281 273 4.81056375080937
307 277 1.8653206380689396
250 315 4.7860200582032
220 278 1.5953400194010667
217 318 4.5405831321414976
199 264 4.614214209960009
204 258 4.76147636559703
205 235 4.9332822138402221
227 242 1.6689710972195777
190 211 5.1050880620834143
180 220 4.614214209960009
173 240 4.5160394395353274
170 172 0.2945243112740431
161 151 0.58904862254808621
141 150 0.95720401164064006
152 110 0.68722339297276724
125 108 1.0308350894591509
114 126 4.2215151282612844
113 128 1.1044661672776617
104 110 4.2215151282612844
108 83 1.0062913968529805
148 58 0.6135923151542565
100 160 4.2706025134736247
85 158 1.2026409377023426
107 181 1.2517283229146832
49 148 4.3687772838983063
24 224 4.2951462060797949
27 245 1.0553787820653211
49 254 4.2215151282612844
39 265 1.1044661672776617
45 283 4.172427743048944
62 303 4.1233403578366037
86 286 4.4424083617168169
98 276 1.4235341711578751
94 262 4.466952054322987
100 248 1.2517283229146832
70 333 4.0497092800180923
47 329 0.760854470791278
76 349 0.859029241215959
38 355 0.6135923151542565
32 318 1.0062913968529805
50 379 0.46633015951723489
91 388 0.53996123733574564
104 373 0.760854470791278
84 402 0.36815538909255385
123 370 4.0497092800180923
133 374 1.0062913968529805
124 398 0.46633015951723489
168 390 1.1044661672776617
159 350 1.2517283229146832
136 341 1.2762720155208536
166 330 4.3687772838983063
188 322 1.3744467859455345
165 302 4.4424083617168169
190 400 0.88357293382212931
181 409 0.760854470791278
168 418 0.6135923151542565
184 432 0.44178646691106466
165 437 3.6079228131070282
160 439 0.46633015951723489
171 456 0.049087385212340517
220 424 0.760854470791278
226 413 0.95720401164064006
238 434 0.58904862254808621
241 455 0.46633015951723489
236 469 0.12271846303085129
253 406 1.0308350894591509
273 375 4.6387579025661791
287 358 4.8841948286278818
219 361 4.3687772838983063
84 442 0.22089323345553233
65 431 0.34361169648638362
