351
492
500
32
220 80 0.26998061866787282
292 107 5.9641173032993731
238 159 0
277 183 5.64504929941916
234 211 0.098174770424681035
236 245 4.7860200582032
226 245 4.614214209960009
218 247 4.1969714356551142
251 253 4.9578259064463923
285 272 4.81056375080937
299 289 4.7860200582032
317 293 4.81056375080937
287 347 1.1780972450961724
279 368 4.1233403578366037
263 405 0.859029241215959
286 431 0.78539816339744828
264 453 0.36815538909255385
248 453 0.36815538909255385
213 444 0.46633015951723489
200 402 0.71176708557893753
206 360 0.88357293382212931
198 346 4.172427743048944
236 296 4.3687772838983063
150 427 0.6135923151542565
123 430 0.63813600776042678
109 424 0.68722339297276724
87 347 0.88357293382212931
100 216 1.0308350894591509
133 199 1.0553787820653211
100 164 3.9760782021995817
96 158 0.93266031903446978
178 190 0.71176708557893753
