351
492
500
39
111 66 0.26998061866787282
132 138 0.19634954084936207
184 86 6.0622920737240538
174 158 5.7923114550561809
206 137 5.6941366846315
138 191 0.12271846303085129
158 228 5.1296317546895844
133 228 4.2706025134736247
187 238 5.0069132916587327
150 269 4.5405831321414976
210 260 4.8596511360217116
229 262 4.9578259064463923
261 270 5.1296317546895844
262 291 5.1050880620834143
255 310 4.8841948286278818
264 333 4.81056375080937
283 336 5.203262832508095
273 358 0.68722339297276724
259 366 0.760854470791278
240 389 0.6135923151542565
216 393 0.859029241215959
230 414 0.44178646691106466
198 421 0.36815538909255385
182 425 0.44178646691106466
191 375 0.88357293382212931
200 340 4.2706025134736247
204 320 1.3008157081270237
146 414 0.53996123733574564
129 382 0.760854470791278
118 351 0.93266031903446978
119 326 4.2951462060797949
79 422 0.71176708557893753
227 203 5.2278065251142651
279 210 5.2278065251142651
259 175 2.2580197197676637
296 198 5.4241560659636274
259 143 5.5223308363883081
81 181 0.93266031903446978
41 190 1.1044661672776617
