351
492
500
42
105 42 0.58904862254808621
120 71 0.41724277430489443
148 52 3.5097480426823471
147 130 0.26998061866787282
63 84 3.80427235395639
168 205 0.12271846303085129
216 151 6.1113794589363941
207 226 5.7923114550561809
240 205 5.64504929941916
289 206 5.5223308363883081
289 239 2.2089323345553233
313 272 5.203262832508095
265 275 5.2278065251142651
288 336 5.1296317546895844
258 331 4.9578259064463923
240 328 4.8596511360217116
224 311 4.9332822138402221
190 295 5.0314569842649028
164 294 4.2951462060797949
172 258 0.22089323345553233
114 244 0.88357293382212931
73 253 1.1044661672776617
37 273 1.0553787820653211
36 218 4.1233403578366037
175 342 4.3933209765044765
233 385 1.2026409377023426
227 408 4.2215151282612844
215 442 0.93266031903446978
240 459 0.78539816339744828
265 456 0.58904862254808621
252 481 0.41724277430489443
287 433 0.88357293382212931
283 379 4.7860200582032
295 392 4.81056375080937
291 361 5.0314569842649028
172 477 0.51541754472957546
154 446 0.68722339297276724
150 412 0.95720401164064006
146 392 4.1969714356551142
98 484 0.58904862254808621
76 468 0.6135923151542565
60 472 0.63813600776042678
