351
492
500
44
146 29 0.41724277430489443
88 47 3.80427235395639
176 89 0.2945243112740431
248 114 6.0377483811178836
200 168 0.049087385212340517
269 165 5.6941366846315
239 193 5.64504929941916
198 227 0.12271846303085129
219 260 5.0069132916587327
188 259 4.3687772838983063
250 276 4.81056375080937
265 296 4.76147636559703
281 300 4.8596511360217116
313 303 5.056000676871073
311 335 4.9332822138402221
304 348 4.81056375080937
310 366 4.81056375080937
255 352 1.2026409377023426
248 384 4.1233403578366037
232 403 0.760854470791278
255 427 0.63813600776042678
278 429 0.53996123733574564
263 452 0.2945243112740431
238 453 0.2945243112740431
211 465 0.36815538909255385
182 440 0.41724277430489443
162 405 0.58904862254808621
170 370 0.78539816339744828
169 344 4.0251655874119221
207 311 4.3442335912921362
116 435 0.51541754472957546
90 421 0.51541754472957546
75 420 0.51541754472957546
49 419 0.68722339297276724
58 350 0.83448554860978885
73 322 4.0497092800180923
70 310 0.93266031903446978
22 331 3.9515345095934116
38 279 4.0987966652304335
30 268 0.88357293382212931
64 229 1.0308350894591509
104 208 1.0062913968529805
144 203 0.83448554860978885
286 241 5.1050880620834143
