351
492
500
43
119 21 3.2888548092268146
95 36 0.2945243112740431
113 100 0.34361169648638362
184 122 6.0622920737240538
133 176 0.12271846303085129
173 197 5.8413988402685213
207 176 5.64504929941916
255 179 5.4486997585697976
256 213 2.2580197197676637
298 215 2.3071071049800045
291 235 5.3750686807512871
273 244 5.2768939103266055
224 243 5.1787191399019248
255 302 5.1050880620834143
222 301 4.9332822138402221
203 296 4.8841948286278818
187 279 5.0069132916587327
153 265 5.1050880620834143
138 259 4.7860200582032
134 228 0.024543692606170259
139 311 4.3442335912921362
193 353 1.1780972450961724
255 334 5.0069132916587327
245 348 4.81056375080937
256 365 4.8841948286278818
271 366 5.1050880620834143
248 405 0.83448554860978885
187 376 4.0987966652304335
175 400 0.83448554860978885
219 425 0.63813600776042678
200 428 0.760854470791278
214 452 0.44178646691106466
184 455 0.36815538909255385
205 475 3.3379421944391554
164 460 0.44178646691106466
132 444 0.51541754472957546
112 412 0.859029241215959
106 373 1.0062913968529805
104 348 4.1969714356551142
66 470 3.877903431774901
77 215 0.83448554860978885
38 216 1.0553787820653211
290 153 5.4732434511759678
