351
492
500
40
143 46 3.3624858870453256
110 63 0.36815538909255385
132 119 0.34361169648638362
208 147 6.0377483811178836
155 200 0.024543692606170259
197 224 5.71868037723767
226 201 5.6941366846315
157 252 6.2095542293610757
149 284 4.466952054322987
157 288 4.6878452877785195
138 288 4.2951462060797949
172 293 5.0314569842649028
202 305 5.0069132916587327
223 328 4.7860200582032
241 332 4.8841948286278818
276 333 5.056000676871073
275 365 5.056000676871073
265 382 4.7860200582032
276 395 5.0069132916587327
290 405 5.3014376029327757
283 419 5.0069132916587327
280 429 0.53996123733574564
286 430 2.9452431127404308
266 437 0.51541754472957546
243 466 0.78539816339744828
217 467 0.83448554860978885
190 443 0.78539816339744828
208 414 4.0497092800180923
206 384 1.1044661672776617
127 404 0.93266031903446978
122 386 4.1969714356551142
126 445 0.63813600776042678
158 336 4.3687772838983063
245 270 5.056000676871073
294 272 5.203262832508095
284 240 2.2089323345553233
312 261 5.4241560659636274
281 205 5.4486997585697976
98 231 0.859029241215959
55 243 1.1044661672776617
