351
492
500
40
146 22 3.5097480426823471
125 38 0.36815538909255385
70 47 3.7060975835317089
151 98 0.2945243112740431
222 121 6.0377483811178836
172 175 0.17180584824319181
211 198 5.71868037723767
243 176 5.6205056068129888
286 178 5.5223308363883081
292 212 2.2580197197676637
307 245 5.2768939103266055
259 244 5.1787191399019248
288 303 5.1050880620834143
256 302 4.9332822138402221
239 297 4.81056375080937
223 281 4.9332822138402221
190 264 5.056000676871073
164 262 4.2215151282612844
171 227 0.049087385212340517
116 212 0.88357293382212931
71 218 1.0062913968529805
39 182 4.0251655874119221
177 310 4.3442335912921362
228 354 1.1780972450961724
278 350 4.6878452877785195
290 365 4.8596511360217116
289 335 4.9578259064463923
224 384 4.0251655874119221
208 402 0.760854470791278
232 429 0.71176708557893753
250 427 0.53996123733574564
244 453 0.34361169648638362
216 455 0.36815538909255385
232 477 3.4606606574700063
195 460 0.44178646691106466
164 444 0.51541754472957546
146 412 0.760854470791278
142 372 0.859029241215959
142 357 4.1233403578366037
97 440 0.58904862254808621
