351
492
500
42
149 84 0.2945243112740431
219 105 6.0377483811178836
168 158 0.12271846303085129
210 180 5.7923114550561809
242 159 5.71868037723767
260 226 5.1296317546895844
298 197 2.2825634123738339
293 154 5.4732434511759678
225 267 4.9332822138402221
241 284 4.7860200582032
259 289 4.9578259064463923
293 289 5.1296317546895844
294 322 5.1050880620834143
287 334 4.81056375080937
296 353 5.0069132916587327
311 356 5.1787191399019248
304 378 4.8841948286278818
311 386 2.7734372644972392
301 387 0.68722339297276724
287 396 0.760854470791278
263 420 0.63813600776042678
240 421 0.859029241215959
252 445 0.41724277430489443
220 457 0.46633015951723489
197 449 0.41724277430489443
171 439 0.46633015951723489
214 394 0.859029241215959
229 372 4.0497092800180923
232 342 1.2762720155208536
151 407 0.78539816339744828
152 363 1.0062913968529805
143 348 4.1969714356551142
177 297 4.3933209765044765
190 250 5.0314569842649028
164 247 4.2215151282612844
170 211 0.17180584824319181
112 194 0.859029241215959
66 209 1.0553787820653211
81 419 0.88357293382212931
81 422 3.9515345095934116
78 444 0.78539816339744828
103 443 0.760854470791278
