351
492
500
37
131 38 3.1906800388021335
106 50 0.12271846303085129
116 115 0.22089323345553233
184 144 5.9395736106932029
135 196 6.0622920737240538
201 199 5.5468745289944783
170 223 5.5959619142068187
125 242 0.049087385212340517
141 280 4.9578259064463923
118 276 3.877903431774901
125 324 4.3442335912921362
173 299 4.81056375080937
187 318 4.6387579025661791
205 325 4.81056375080937
238 330 5.0314569842649028
235 362 4.9578259064463923
223 375 4.614214209960009
234 393 4.614214209960009
172 384 1.1044661672776617
165 396 4.172427743048944
149 420 0.68722339297276724
171 450 0.71176708557893753
191 448 0.53996123733574564
181 474 0.22089323345553233
155 474 0.34361169648638362
131 478 0.26998061866787282
99 460 0.36815538909255385
86 425 0.6135923151542565
84 390 0.859029241215959
87 368 4.0251655874119221
72 222 0.71176708557893753
26 224 0.93266031903446978
212 267 5.0314569842649028
247 243 2.1353012567368124
267 275 5.1787191399019248
278 265 5.3014376029327757
249 208 5.3014376029327757
