351
492
500
42
153 109 0.2945243112740431
222 133 6.0132046885117134
167 185 0.024543692606170259
208 209 5.71868037723767
240 189 5.64504929941916
166 237 6.2095542293610757
166 269 4.7860200582032
156 268 4.614214209960009
147 273 4.1969714356551142
180 278 4.9332822138402221
211 290 4.8841948286278818
231 313 4.76147636559703
250 319 4.8841948286278818
284 320 5.1296317546895844
283 353 5.0314569842649028
272 368 4.7860200582032
284 383 4.9578259064463923
297 393 5.2768939103266055
290 407 5.0069132916587327
287 417 0.51541754472957546
291 418 2.8716120349219203
272 424 0.58904862254808621
241 444 0.53996123733574564
222 446 0.68722339297276724
234 470 0.26998061866787282
201 480 0.2945243112740431
182 477 0.2945243112740431
198 429 0.83448554860978885
152 460 0.44178646691106466
134 429 0.71176708557893753
136 388 0.93266031903446978
130 369 4.2215151282612844
212 394 4.1233403578366037
220 369 1.1780972450961724
167 319 4.2951462060797949
256 259 5.1296317546895844
306 260 5.203262832508095
297 229 2.1843886419491532
293 191 5.4241560659636274
107 216 0.760854470791278
59 228 1.1780972450961724
83 461 0.71176708557893753
