351
492
500
38
148 48 3.2888548092268146
123 60 0.22089323345553233
70 61 3.6079228131070282
136 124 0.12271846303085129
206 155 5.9395736106932029
150 200 6.1850105367549055
186 227 5.64504929941916
220 210 5.6205056068129888
263 218 5.350524988145116
265 253 2.1107575641306422
278 285 5.1787191399019248
295 277 5.350524988145116
231 280 5.056000676871073
254 342 4.9578259064463923
222 337 4.8596511360217116
204 330 4.71238898038469
191 310 4.81056375080937
158 291 4.8596511360217116
134 284 4.172427743048944
144 251 0.049087385212340517
90 231 0.71176708557893753
44 233 0.93266031903446978
142 335 4.2215151282612844
188 385 1.0553787820653211
239 387 4.5896705173538388
251 372 4.8841948286278818
249 404 4.6387579025661791
182 414 3.9760782021995817
164 431 0.6135923151542565
184 459 0.58904862254808621
165 482 0.19634954084936207
194 483 0.22089323345553233
208 468 0.41724277430489443
112 464 0.2945243112740431
92 430 0.51541754472957546
103 401 0.68722339297276724
104 376 3.9269908169872414
44 450 0.26998061866787282
