351
492
500
42
104 32 0.41724277430489443
128 94 0.34361169648638362
199 113 6.1113794589363941
151 170 0.26998061866787282
192 190 5.8659425328746915
226 167 5.71868037723767
270 196 2.2580197197676637
273 165 5.5468745289944783
307 219 5.5223308363883081
299 233 5.2278065251142651
250 235 5.1787191399019248
281 293 5.2768939103266055
243 292 4.9578259064463923
276 320 5.1050880620834143
272 334 4.9578259064463923
281 351 4.9332822138402221
226 290 4.8596511360217116
210 275 4.8841948286278818
175 260 5.056000676871073
150 259 4.2951462060797949
157 223 0.22089323345553233
98 212 0.859029241215959
51 223 1.0553787820653211
161 308 4.3687772838983063
219 346 1.2517283229146832
216 378 4.0987966652304335
202 397 0.88357293382212931
235 425 0.93266031903446978
243 433 3.9515345095934116
253 437 0.760854470791278
239 449 0.63813600776042678
252 416 0.68722339297276724
271 403 0.760854470791278
214 446 0.51541754472957546
223 477 3.6079228131070282
192 439 0.51541754472957546
160 440 0.58904862254808621
139 410 0.63813600776042678
131 378 0.93266031903446978
132 355 4.2215151282612844
73 425 0.760854470791278
86 448 0.58904862254808621
