351
492
500
36
164 79 0.51541754472957546
197 102 0.049087385212340517
207 102 3.0925052683774528
210 122 6.0622920737240538
240 162 2.6016314162540475
244 186 5.71868037723767
265 185 2.454369260617026
289 218 2.3071071049800045
301 246 5.350524988145116
256 254 2.1843886419491532
226 250 5.5468745289944783
195 272 6.0132046885117134
174 282 0.17180584824319181
162 261 0.71176708557893753
174 230 0.46633015951723489
163 202 0.53996123733574564
121 199 0.859029241215959
118 166 0.83448554860978885
87 124 0.859029241215959
115 82 0.83448554860978885
86 249 0.88357293382212931
168 322 0.46633015951723489
187 318 2.5280003384355365
195 318 5.4241560659636274
180 335 4.614214209960009
183 347 4.6878452877785195
216 370 4.5896705173538388
232 374 4.7860200582032
221 396 4.4424083617168169
247 386 4.9332822138402221
253 405 4.9578259064463923
262 350 5.1050880620834143
266 328 2.012582793705961
235 320 5.1296317546895844
270 301 5.1787191399019248
101 371 0.93266031903446978
