351
492
500
37
159 19 0.51541754472957546
192 41 0.098174770424681035
203 41 3.0925052683774528
212 56 6.0622920737240538
238 101 2.5034566458293663
242 126 5.6941366846315
263 127 2.380738182798515
291 141 5.4241560659636274
287 160 2.2580197197676637
300 191 5.3014376029327757
263 204 2.1353012567368124
267 243 5.1296317546895844
231 251 5.1296317546895844
265 276 1.88986433067511
260 296 5.056000676871073
229 323 4.71238898038469
241 335 4.9332822138402221
218 344 4.4424083617168169
214 315 4.614214209960009
247 358 4.9332822138402221
182 290 4.5896705173538388
173 284 4.2951462060797949
166 259 0.51541754472957546
171 224 0.2945243112740431
193 208 6.0132046885117134
162 195 0.68722339297276724
164 166 0.68722339297276724
161 136 0.53996123733574564
119 140 0.95720401164064006
114 112 0.93266031903446978
83 79 0.93266031903446978
83 193 0.95720401164064006
222 181 5.5468745289944783
98 322 0.88357293382212931
87 378 0.71176708557893753
129 390 0.88357293382212931
167 370 0.93266031903446978
