351
492
500
43
134 94 3.9760782021995817
129 108 0.78539816339744828
177 102 0.44178646691106466
206 126 0.049087385212340517
218 126 3.043417883165112
221 145 6.0377483811178836
247 185 2.5525440310417071
250 209 5.6941366846315
271 210 2.3071071049800045
291 228 5.3014376029327757
293 249 2.1843886419491532
297 278 5.2278065251142651
260 278 2.0371264863121317
228 261 5.4732434511759678
201 281 5.8413988402685213
174 298 0.26998061866787282
166 269 0.6135923151542565
174 244 0.46633015951723489
168 212 0.46633015951723489
130 214 0.83448554860978885
124 185 0.760854470791278
97 150 0.88357293382212931
91 266 0.859029241215959
168 335 0.46633015951723489
171 362 4.2215151282612844
176 370 4.5896705173538388
210 394 4.5405831321414976
223 402 4.6387579025661791
235 407 4.8841948286278818
212 424 4.4424083617168169
244 431 5.0069132916587327
238 450 4.614214209960009
227 472 0.93266031903446978
213 481 0.859029241215959
159 460 0.83448554860978885
138 445 0.95720401164064006
126 454 0.88357293382212931
106 386 0.93266031903446978
255 377 5.056000676871073
262 359 1.9634954084936207
231 345 4.9578259064463923
265 326 5.056000676871073
290 166 2.3071071049800045
