351
492
500
39
132 102 3.9760782021995817
134 107 0.83448554860978885
183 103 0.46633015951723489
215 126 0.024543692606170259
227 126 2.9697868053466014
235 142 5.9395736106932029
257 187 2.5034566458293663
258 211 5.5959619142068187
279 216 2.2580197197676637
304 233 5.350524988145116
299 253 2.1843886419491532
308 282 5.350524988145116
265 282 2.086213871524472
233 268 5.3750686807512871
202 286 5.8659425328746915
178 300 0.34361169648638362
171 271 0.68722339297276724
178 240 0.53996123733574564
177 212 0.51541754472957546
138 215 0.88357293382212931
132 187 0.83448554860978885
104 151 0.88357293382212931
103 271 0.93266031903446978
176 335 0.17180584824319181
177 346 5.5959619142068187
183 355 4.6878452877785195
183 361 4.5160394395353274
185 372 4.4424083617168169
216 397 4.5405831321414976
233 407 4.6878452877785195
219 429 4.3687772838983063
247 424 4.81056375080937
254 440 4.8596511360217116
241 454 4.614214209960009
263 383 5.0314569842649028
237 346 4.9332822138402221
268 350 1.9389517158874505
271 329 5.1050880620834143
105 396 0.93266031903446978
