351
492
500
43
83 85 0.83448554860978885
79 141 0.93266031903446978
105 179 0.88357293382212931
111 204 0.95720401164064006
152 199 0.53996123733574564
164 231 0.36815538909255385
154 265 0.6135923151542565
183 276 5.8904862254808616
163 292 0.41724277430489443
215 256 5.4241560659636274
251 271 2.1107575641306422
287 262 5.3014376029327757
278 230 2.2580197197676637
278 213 5.4486997585697976
258 194 2.380738182798515
236 195 5.71868037723767
231 169 2.5280003384355365
272 155 2.3561944901923448
202 130 5.9641173032993731
204 117 2.9206994201342606
189 112 0.024543692606170259
164 93 0.36815538909255385
258 315 5.2278065251142651
256 338 2.1107575641306422
256 366 5.2768939103266055
221 344 5.1787191399019248
224 390 4.8596511360217116
238 395 5.056000676871073
208 392 4.6387579025661791
215 417 4.5160394395353274
253 418 5.1296317546895844
247 437 4.76147636559703
238 461 0.95720401164064006
217 466 0.859029241215959
162 443 0.88357293382212931
170 369 4.614214209960009
171 354 4.5896705173538388
170 347 4.81056375080937
162 348 4.2215151282612844
158 340 0.53996123733574564
112 383 1.0553787820653211
128 470 0.859029241215959
78 267 1.0062913968529805
