351
492
500
56
141 44 0.41724277430489443
172 70 6.1113794589363941
183 75 2.8716120349219203
187 86 5.9395736106932029
209 131 2.5280003384355365
212 157 5.5959619142068187
232 160 2.2089323345553233
258 181 5.3014376029327757
253 200 2.1107575641306422
287 209 2.086213871524472
259 237 5.203262832508095
224 230 5.1787191399019248
224 236 2.0371264863121317
215 224 2.086213871524472
187 211 5.4732434511759678
156 236 5.8659425328746915
129 222 0.58904862254808621
133 250 0.2945243112740431
126 195 0.58904862254808621
132 161 0.36815538909255385
88 160 0.83448554860978885
82 131 0.78539816339744828
47 214 0.88357293382212931
123 294 0.71176708557893753
128 314 4.1969714356551142
132 322 4.614214209960009
164 350 4.5160394395353274
178 355 4.71238898038469
194 358 4.81056375080937
197 380 4.8841948286278818
167 376 4.3933209765044765
192 402 4.71238898038469
201 423 3.2152237314083041
175 421 0.859029241215959
190 449 0.34361169648638362
224 435 2.6016314162540475
228 428 2.5034566458293663
263 403 2.3071071049800045
213 329 5.0069132916587327
219 306 1.8653206380689396
230 283 5.0314569842649028
189 294 4.8841948286278818
286 276 2.1353012567368124
278 363 2.2089323345553233
154 427 0.71176708557893753
160 463 0.51541754472957546
140 467 0.44178646691106466
133 477 0.2945243112740431
130 424 0.68722339297276724
107 407 0.83448554860978885
97 441 0.63813600776042678
70 434 0.760854470791278
72 479 0.36815538909255385
60 339 0.93266031903446978
255 125 2.2089323345553233
267 96 2.1843886419491532
