351
492
500
42
216 87 0
230 92 2.9697868053466014
229 106 6.0377483811178836
260 145 2.5525440310417071
267 171 5.6941366846315
286 172 2.2580197197676637
308 213 2.1107575641306422
282 250 1.9389517158874505
247 237 5.4486997585697976
216 259 5.9395736106932029
190 244 0.51541754472957546
194 273 0.2945243112740431
194 214 0.53996123733574564
187 182 0.53996123733574564
145 184 0.859029241215959
138 155 0.859029241215959
104 116 0.95720401164064006
109 241 0.93266031903446978
189 317 0.41724277430489443
192 338 4.5405831321414976
197 347 4.466952054322987
232 376 4.5160394395353274
244 370 4.71238898038469
259 378 4.8841948286278818
234 394 4.4424083617168169
262 396 4.9332822138402221
258 418 4.614214209960009
260 436 3.9760782021995817
265 440 0.36815538909255385
270 438 3.5097480426823471
242 441 0.93266031903446978
227 449 0.760854470791278
224 477 0.46633015951723489
200 442 0.6135923151542565
181 419 0.71176708557893753
162 458 0.44178646691106466
137 443 0.71176708557893753
141 356 1.0308350894591509
275 344 5.056000676871073
281 327 2.0371264863121317
253 304 5.0069132916587327
284 292 5.0314569842649028
