351
492
500
52
107 75 0.93266031903446978
129 83 0.859029241215959
136 76 3.9515345095934116
134 92 3.9760782021995817
145 82 0.859029241215959
182 80 0.44178646691106466
215 103 0.024543692606170259
224 104 3.0925052683774528
233 119 6.0622920737240538
258 165 2.5280003384355365
262 191 5.64504929941916
288 194 2.2580197197676637
309 215 5.2768939103266055
305 235 2.1843886419491532
309 266 5.1787191399019248
272 269 5.056000676871073
273 274 1.9389517158874505
266 263 2.012582793705961
237 251 5.4241560659636274
204 268 5.7677677624500108
178 254 0.51541754472957546
180 283 0.12271846303085129
176 228 0.6135923151542565
184 194 0.34361169648638362
141 194 0.83448554860978885
133 167 0.83448554860978885
104 132 0.88357293382212931
101 252 0.859029241215959
55 241 0.93266031903446978
178 338 4.7860200582032
170 347 4.172427743048944
173 358 4.3933209765044765
203 388 4.3687772838983063
219 393 4.614214209960009
207 411 4.3687772838983063
234 397 4.7860200582032
241 421 4.9332822138402221
231 441 4.5896705173538388
239 461 3.4361169648638361
214 462 0.83448554860978885
190 464 0.6135923151542565
160 468 0.53996123733574564
144 442 0.71176708557893753
126 474 0.53996123733574564
108 461 0.63813600776042678
70 433 0.68722339297276724
99 373 0.93266031903446978
45 357 0.78539816339744828
256 370 5.0069132916587327
263 346 1.7916895602504288
233 329 4.8596511360217116
271 315 5.0069132916587327
