351
492
500
44
134 76 3.9269908169872414
136 82 0.760854470791278
184 80 0.36815538909255385
218 103 6.1850105367549055
228 103 2.9452431127404308
229 121 5.9641173032993731
254 162 2.5034566458293663
257 187 5.6205056068129888
278 189 2.2825634123738339
305 209 5.2278065251142651
297 225 2.1353012567368124
268 267 2.0371264863121317
230 247 5.3750686807512871
196 262 5.7923114550561809
174 276 0.34361169648638362
168 249 0.68722339297276724
172 218 0.53996123733574564
172 184 0.46633015951723489
132 188 0.859029241215959
128 164 0.83448554860978885
102 128 0.95720401164064006
97 251 1.0308350894591509
170 323 3.7551849687440497
173 323 0.26998061866787282
174 327 2.3561944901923448
176 344 4.3687772838983063
181 354 4.6387579025661791
218 382 4.5405831321414976
233 383 4.81056375080937
248 390 5.0069132916587327
225 408 4.4424083617168169
261 412 5.1050880620834143
254 432 4.614214209960009
256 447 4.3687772838983063
238 454 1.0308350894591509
234 459 1.0062913968529805
185 466 0.53996123733574564
168 434 0.859029241215959
156 473 0.58904862254808621
129 457 0.83448554860978885
266 359 5.1787191399019248
271 341 2.2580197197676637
239 320 5.056000676871073
270 307 5.1296317546895844
