351
492
500
56
158 57 0.34361169648638362
186 84 6.0622920737240538
199 90 2.7979809571034093
200 100 5.8413988402685213
222 147 2.454369260617026
224 170 5.5959619142068187
248 177 2.2580197197676637
264 143 2.1843886419491532
269 199 5.1787191399019248
262 214 2.0371264863121317
295 226 2.1353012567368124
266 246 5.1296317546895844
234 250 1.88986433067511
230 244 5.056000676871073
225 237 2.012582793705961
197 226 5.3750686807512871
164 243 5.8904862254808616
138 229 0.51541754472957546
140 257 0.22089323345553233
137 202 0.51541754472957546
142 170 0.34361169648638362
95 165 0.760854470791278
97 134 0.68722339297276724
52 226 0.859029241215959
131 295 0.46633015951723489
135 320 4.1969714356551142
139 330 4.466952054322987
171 357 4.5160394395353274
185 363 4.6387579025661791
175 382 4.3933209765044765
200 368 4.81056375080937
207 393 4.8841948286278818
197 412 4.5405831321414976
204 433 3.3870295796514958
181 430 0.83448554860978885
194 460 0.22089323345553233
160 435 0.760854470791278
160 470 0.34361169648638362
131 451 0.71176708557893753
110 451 0.71176708557893753
114 415 0.71176708557893753
94 409 1.0308350894591509
82 441 0.859029241215959
67 428 1.0062913968529805
67 411 4.0497092800180923
61 417 4.0251655874119221
64 349 0.88357293382212931
229 447 2.6016314162540475
231 440 2.454369260617026
266 415 2.2089323345553233
279 374 2.2089323345553233
219 339 4.9332822138402221
224 318 1.8407769454627694
236 293 5.0069132916587327
196 301 4.9332822138402221
291 290 2.086213871524472
