351
492
500
35
197 103 0
209 107 2.9697868053466014
208 121 5.9641173032993731
236 163 2.5280003384355365
238 187 5.64504929941916
264 191 2.2089323345553233
211 251 5.5223308363883081
251 265 2.012582793705961
176 270 5.9395736106932029
155 283 0.26998061866787282
145 256 0.58904862254808621
153 228 0.53996123733574564
151 196 0.46633015951723489
113 193 0.859029241215959
109 167 0.859029241215959
81 253 1.0308350894591509
153 323 0.51541754472957546
159 346 4.4424083617168169
165 355 4.6878452877785195
204 381 4.6878452877785195
220 382 4.81056375080937
234 392 4.9578259064463923
211 410 4.5160394395353274
243 415 4.9578259064463923
239 436 4.5896705173538388
224 464 0.93266031903446978
172 468 0.68722339297276724
159 433 1.0062913968529805
145 480 0.53996123733574564
118 462 0.63813600776042678
92 381 0.93266031903446978
252 361 5.1296317546895844
253 339 2.086213871524472
256 308 5.1296317546895844
223 318 5.056000676871073
