351
492
500
64
141 32 0.41724277430489443
169 57 6.2095542293610757
180 63 2.9206994201342606
184 73 5.9641173032993731
206 115 2.5034566458293663
211 140 5.64504929941916
235 144 2.3561944901923448
257 164 5.2278065251142651
252 183 2.086213871524472
281 189 2.1107575641306422
259 221 5.1787191399019248
266 238 2.0371264863121317
274 250 5.2768939103266055
288 258 2.2089323345553233
234 268 5.1050880620834143
226 219 2.012582793705961
225 214 5.1296317546895844
219 210 2.0371264863121317
187 193 5.5468745289944783
157 218 6.0132046885117134
128 208 0.6135923151542565
135 234 0.2945243112740431
127 180 0.63813600776042678
132 147 0.44178646691106466
84 147 0.859029241215959
82 118 0.760854470791278
47 210 0.93266031903446978
134 284 5.1787191399019248
134 299 4.3687772838983063
139 308 4.5405831321414976
173 335 4.5160394395353274
188 340 4.71238898038469
179 359 4.466952054322987
203 344 4.8841948286278818
207 365 4.8596511360217116
204 388 4.6387579025661791
215 409 3.3379421944391554
189 412 0.93266031903446978
175 416 0.88357293382212931
203 437 0.44178646691106466
238 428 2.5280003384355365
239 413 2.4298255680108558
203 460 6.2095542293610757
184 458 0.44178646691106466
170 461 0.53996123733574564
156 466 0.41724277430489443
142 432 0.760854470791278
122 433 0.78539816339744828
121 392 0.93266031903446978
95 397 0.95720401164064006
92 401 0.95720401164064006
74 398 4.0497092800180923
71 412 4.0497092800180923
79 417 0.93266031903446978
90 471 0.46633015951723489
218 474 2.84706834231575
272 386 2.3561944901923448
281 343 2.2825634123738339
220 314 5.0314569842649028
223 293 1.88986433067511
194 276 4.9578259064463923
66 334 0.88357293382212931
252 108 2.2089323345553233
265 82 2.2089323345553233
