351
492
500
38
132 101 2.7243498792848988
105 141 3.043417883165112
160 143 5.4486997585697976
72 186 0.68722339297276724
61 113 3.4606606574700063
94 228 4.8596511360217116
104 240 5.1050880620834143
50 249 4.76147636559703
36 235 4.5160394395353274
16 226 4.3687772838983063
60 295 2.1843886419491532
36 302 2.454369260617026
70 322 2.4298255680108558
100 292 2.1107575641306422
116 337 2.454369260617026
136 300 2.086213871524472
166 341 2.5280003384355365
149 371 2.7979809571034093
187 358 2.7979809571034093
198 341 2.5034566458293663
213 374 3.1415926535897931
172 386 3.043417883165112
160 408 0.049087385212340517
142 409 3.2643111166206444
129 382 2.9452431127404308
115 394 3.1415926535897931
96 383 2.8716120349219203
58 365 2.7979809571034093
54 355 2.7243498792848988
171 432 3.2643111166206444
198 407 3.1415926535897931
245 368 3.2643111166206444
242 353 2.9697868053466014
240 314 2.6016314162540475
252 302 2.380738182798515
276 321 2.84706834231575
201 310 5.3750686807512871
264 162 5.203262832508095
