351
492
500
40
158 90 2.84706834231575
131 130 2.9697868053466014
185 133 5.4486997585697976
92 106 3.5097480426823471
99 175 0.71176708557893753
119 217 4.7860200582032
128 229 5.056000676871073
76 234 4.71238898038469
64 224 4.5160394395353274
50 220 4.3933209765044765
27 192 4.1969714356551142
50 278 4.81056375080937
64 290 2.4298255680108558
41 291 0.2945243112740431
31 285 0.95720401164064006
87 284 2.2580197197676637
97 311 2.5034566458293663
125 279 2.086213871524472
141 324 2.454369260617026
162 289 2.1107575641306422
198 327 2.4298255680108558
176 359 2.7979809571034093
210 344 2.6998061866787286
224 330 2.5525440310417071
239 361 3.0925052683774528
200 374 3.043417883165112
187 395 0.024543692606170259
169 397 3.2643111166206444
156 369 2.9452431127404308
140 382 3.1170489609836229
123 370 2.84706834231575
81 357 2.7979809571034093
80 342 2.6998061866787286
197 421 3.1906800388021335
225 395 3.1415926535897931
272 342 2.8716120349219203
268 305 2.5280003384355365
281 293 2.380738182798515
227 298 5.350524988145116
293 156 5.350524988145116
