351
492
500
37
174 110 2.675262494072558
143 146 2.9452431127404308
197 153 5.350524988145116
101 116 3.4361169648638361
105 188 0.6135923151542565
122 231 4.6878452877785195
130 246 4.8841948286278818
76 244 4.6387579025661791
64 232 4.466952054322987
50 228 4.3442335912921362
82 295 2.1843886419491532
59 301 2.2825634123738339
97 323 2.380738182798515
121 294 1.9389517158874505
132 343 2.380738182798515
156 309 1.9634954084936207
187 352 2.454369260617026
163 380 2.7243498792848988
200 370 2.675262494072558
216 357 2.454369260617026
227 388 3.043417883165112
252 373 2.9206994201342606
258 384 3.1415926535897931
210 419 3.043417883165112
186 397 2.9697868053466014
172 417 6.1359231515425643
154 417 3.1170489609836229
142 388 2.7979809571034093
126 400 3.0188741905589418
110 386 2.7734372644972392
69 369 2.7243498792848988
69 354 2.6998061866787286
181 442 3.1906800388021335
219 324 5.3014376029327757
256 331 2.454369260617026
272 321 2.3071071049800045
299 185 5.2278065251142651
