351
492
500
33
152 82 2.84706834231575
127 123 3.0188741905589418
181 125 5.4486997585697976
94 172 0.78539816339744828
118 212 4.8596511360217116
128 225 5.0314569842649028
70 227 4.5896705173538388
62 218 4.5160394395353274
86 278 2.2580197197676637
125 276 2.1107575641306422
99 309 2.454369260617026
62 293 2.454369260617026
80 338 2.6998061866787286
142 321 2.5280003384355365
160 283 2.086213871524472
190 324 2.5525440310417071
174 353 2.7243498792848988
210 339 2.7734372644972392
219 326 2.6016314162540475
240 356 3.2152237314083041
201 369 3.043417883165112
158 364 2.9697868053466014
184 389 0.049087385212340517
172 391 3.2152237314083041
140 377 3.1170489609836229
121 365 2.84706834231575
195 418 3.2643111166206444
225 388 3.2643111166206444
270 347 3.2643111166206444
264 336 3.0925052683774528
269 303 2.6261751088602177
226 293 5.350524988145116
287 141 5.3014376029327757
