351
492
500
39
177 114 2.7243498792848988
151 153 2.9206994201342606
202 157 5.4241560659636274
117 198 0.760854470791278
107 122 3.5342917352885173
66 138 3.8533597391687304
48 216 4.1969714356551142
68 236 4.3933209765044765
82 242 4.466952054322987
94 256 4.614214209960009
138 241 4.6878452877785195
146 253 5.0314569842649028
141 304 2.086213871524472
103 304 2.1353012567368124
113 336 2.454369260617026
78 318 2.3561944901923448
64 295 4.8596511360217116
54 308 0.2945243112740431
44 303 0.88357293382212931
48 345 2.9452431127404308
56 354 5.9641173032993731
93 362 2.675262494072558
93 375 2.7243498792848988
134 391 2.7734372644972392
153 403 2.9452431127404308
167 392 2.9206994201342606
189 383 2.7734372644972392
185 416 3.1415926535897931
200 417 0.024543692606170259
214 397 3.043417883165112
226 370 2.7243498792848988
208 355 2.6016314162540475
236 357 2.5280003384355365
254 385 3.1906800388021335
240 416 3.2643111166206444
243 324 5.2768939103266055
287 334 2.675262494072558
177 314 2.0371264863121317
154 348 2.454369260617026
