351
492
500
39
144 79 2.6998061866787286
117 120 3.043417883165112
172 122 5.4486997585697976
76 96 3.5097480426823471
87 164 0.68722339297276724
106 207 4.8596511360217116
116 220 5.0314569842649028
62 227 4.76147636559703
49 214 4.5405831321414976
34 210 4.4424083617168169
73 275 2.2089323345553233
48 282 2.454369260617026
85 306 2.4298255680108558
112 270 2.0371264863121317
129 319 2.5034566458293663
148 281 2.0371264863121317
184 320 2.5525440310417071
163 351 2.84706834231575
199 337 2.84706834231575
211 322 2.6016314162540475
227 353 3.1170489609836229
186 366 3.0925052683774528
175 387 0.024543692606170259
157 388 3.2643111166206444
144 361 2.9697868053466014
127 374 3.1415926535897931
109 362 2.9452431127404308
131 417 0.024543692606170259
185 411 3.2643111166206444
212 385 3.1906800388021335
258 346 3.2152237314083041
256 330 2.9697868053466014
251 292 2.6016314162540475
265 280 2.5034566458293663
292 299 2.7979809571034093
213 289 5.350524988145116
67 350 2.9206994201342606
67 335 2.7243498792848988
277 141 5.3014376029327757
