351
492
500
42
179 120 2.6998061866787286
154 161 2.9697868053466014
207 164 5.4241560659636274
124 207 0.760854470791278
108 132 3.5342917352885173
68 150 3.9269908169872414
56 228 4.2706025134736247
77 249 4.3933209765044765
90 253 4.5405831321414976
103 267 4.6878452877785195
145 250 4.6878452877785195
154 262 5.0069132916587327
150 311 2.0371264863121317
113 313 2.1843886419491532
131 340 2.4298255680108558
87 319 2.2825634123738339
76 307 4.6878452877785195
65 320 0.22089323345553233
56 312 0.88357293382212931
48 337 0.22089323345553233
56 356 3.0188741905589418
73 367 6.1113794589363941
54 379 6.1113794589363941
107 375 2.6261751088602177
106 386 2.7979809571034093
146 400 2.9206994201342606
164 412 3.0925052683774528
181 400 2.9697868053466014
200 390 2.84706834231575
195 426 3.2643111166206444
212 425 0.049087385212340517
226 405 3.1170489609836229
239 379 2.7734372644972392
223 359 2.6016314162540475
251 360 2.6261751088602177
265 390 3.1906800388021335
252 328 5.4241560659636274
187 322 2.1107575641306422
166 357 2.454369260617026
165 452 6.1850105367549055
218 452 3.3624858870453256
27 244 4.172427743048944
