351
492
500
35
122 49 2.675262494072558
146 92 5.3750686807512871
90 87 2.9206994201342606
56 130 0.6135923151542565
75 174 4.7860200582032
84 188 4.9578259064463923
29 192 4.71238898038469
76 237 2.012582793705961
38 239 2.1353012567368124
45 267 2.3561944901923448
90 285 2.380738182798515
112 250 1.9634954084936207
146 292 2.5280003384355365
122 321 2.675262494072558
160 310 2.6998061866787286
174 295 2.5034566458293663
187 327 3.043417883165112
146 338 3.0188741905589418
132 358 0
116 358 3.1170489609836229
104 330 2.8716120349219203
87 342 3.0188741905589418
69 330 2.84706834231575
141 384 3.2643111166206444
170 359 3.1415926535897931
217 322 3.1415926535897931
218 308 2.9452431127404308
213 268 2.5280003384355365
229 257 2.3071071049800045
252 276 2.84706834231575
178 264 5.3014376029327757
246 367 3.3624858870453256
202 413 3.2888548092268146
135 416 0.098174770424681035
250 119 5.2768939103266055
