351
492
500
37
146 143 2.7243498792848988
118 183 3.0188741905589418
172 184 5.4241560659636274
88 228 0.68722339297276724
111 255 5.1787191399019248
102 258 4.3687772838983063
109 270 4.7860200582032
119 283 5.0314569842649028
66 289 4.71238898038469
52 277 4.5160394395353274
38 273 4.3933209765044765
70 336 2.2580197197676637
53 352 2.5034566458293663
87 366 2.5034566458293663
70 395 2.675262494072558
70 409 2.7979809571034093
111 422 2.7979809571034093
131 434 3.1170489609836229
143 422 2.8716120349219203
163 411 2.7979809571034093
159 449 3.2152237314083041
175 448 0.024543692606170259
190 427 3.0925052683774528
214 447 3.2152237314083041
180 478 3.2152237314083041
201 398 2.7979809571034093
180 382 2.5525440310417071
208 384 2.6016314162540475
229 414 3.1170489609836229
253 397 2.9452431127404308
216 351 5.3014376029327757
254 355 2.380738182798515
151 343 2.086213871524472
130 379 2.454369260617026
115 334 2.1353012567368124
277 203 5.2768939103266055
75 154 3.5588354278946874
