351
492
500
41
128 23 2.6998061866787286
98 62 2.8716120349219203
151 67 5.4241560659636274
66 106 0.58904862254808621
77 140 4.4424083617168169
87 140 5.2278065251142651
84 153 4.76147636559703
94 166 5.0069132916587327
41 167 4.71238898038469
29 154 4.5160394395353274
51 216 2.1107575641306422
28 225 2.3561944901923448
61 248 2.3561944901923448
88 215 2.012582793705961
105 263 2.454369260617026
125 228 2.086213871524472
159 266 2.5280003384355365
137 298 2.7243498792848988
173 284 2.7243498792848988
186 269 2.5034566458293663
199 301 3.043417883165112
160 313 2.9697868053466014
146 334 0
130 334 3.1415926535897931
117 307 2.8716120349219203
102 318 3.0925052683774528
83 307 2.84706834231575
105 363 0.024543692606170259
157 359 3.2888548092268146
185 333 3.1415926535897931
231 296 3.1906800388021335
230 279 2.84706834231575
226 240 2.6016314162540475
240 229 2.3561944901923448
267 251 2.7243498792848988
188 235 5.3750686807512871
48 287 2.7734372644972392
43 278 2.6998061866787286
127 386 3.1415926535897931
154 392 0.17180584824319181
259 90 5.203262832508095
