351
492
500
34
122 134 2.675262494072558
92 172 2.9206994201342606
147 176 5.3750686807512871
82 233 3.80427235395639
78 243 4.71238898038469
78 257 4.7860200582032
88 272 5.0069132916587327
58 217 0.68722339297276724
35 276 4.6387579025661791
22 267 4.4424083617168169
35 321 2.1353012567368124
81 321 2.086213871524472
54 354 2.380738182798515
97 369 2.4298255680108558
118 334 2.012582793705961
146 374 2.5280003384355365
130 403 2.7734372644972392
166 391 2.6998061866787286
180 376 2.5525440310417071
194 407 3.0188741905589418
154 418 3.0188741905589418
141 440 0.049087385212340517
125 439 3.1415926535897931
109 412 2.84706834231575
96 424 3.0925052683774528
71 416 2.84706834231575
150 468 3.3379421944391554
179 439 3.1415926535897931
225 402 3.2643111166206444
225 387 2.9697868053466014
223 353 2.454369260617026
237 341 2.380738182798515
182 343 5.3014376029327757
251 201 5.3014376029327757
