351
492
500
35
173 138 2.6998061866787286
143 175 2.9206994201342606
196 181 5.3014376029327757
100 145 3.4606606574700063
106 221 0.63813600776042678
124 261 4.7860200582032
133 276 4.8841948286278818
79 278 4.6387579025661791
68 266 4.466952054322987
53 262 4.3442335912921362
88 329 2.1107575641306422
62 332 2.3561944901923448
97 358 2.3561944901923448
125 325 1.9634954084936207
139 373 2.4298255680108558
161 337 1.9634954084936207
191 379 2.5034566458293663
173 409 2.7734372644972392
209 397 2.7243498792848988
215 382 2.5034566458293663
234 413 3.0188741905589418
195 425 2.9697868053466014
181 446 6.2095542293610757
165 446 3.1415926535897931
153 419 2.9206994201342606
137 430 3.043417883165112
118 418 2.7979809571034093
77 401 2.7979809571034093
79 388 2.675262494072558
192 472 3.2888548092268146
220 447 3.1415926535897931
225 349 5.2768939103266055
263 356 2.5280003384355365
278 345 2.4298255680108558
299 209 5.2278065251142651
