351
492
500
43
155 23 5.7677677624500108
89 42 3.2152237314083041
111 81 2.9206994201342606
105 130 2.9206994201342606
106 147 2.84706834231575
88 149 0.19634954084936207
96 172 3.3870295796514958
64 190 4.172427743048944
88 210 4.172427743048944
31 205 1.2026409377023426
24 174 1.0553787820653211
114 236 5.0069132916587327
71 258 4.466952054322987
75 279 4.71238898038469
81 292 4.8841948286278818
85 315 4.8596511360217116
86 321 2.6016314162540475
74 325 0.83448554860978885
104 341 2.84706834231575
51 345 1.0553787820653211
66 368 0.760854470791278
72 390 0.58904862254808621
121 374 2.9452431127404308
116 291 2.2580197197676637
169 322 2.5280003384355365
170 267 5.3750686807512871
205 312 2.5034566458293663
219 342 2.7979809571034093
208 369 3.043417883165112
181 378 3.0925052683774528
153 429 3.1906800388021335
247 441 0.098174770424681035
257 436 3.2152237314083041
276 372 2.9697868053466014
253 322 2.7734372644972392
221 270 2.380738182798515
226 203 2.1843886419491532
269 200 2.2089323345553233
260 181 5.3750686807512871
279 181 2.1843886419491532
215 133 2.1843886419491532
189 129 5.3014376029327757
232 81 2.2580197197676637
