351
492
500
38
171 44 5.7923114550561809
116 54 3.1170489609836229
139 97 2.9452431127404308
132 146 2.8716120349219203
135 164 2.7979809571034093
119 169 0.12271846303085129
125 188 3.2152237314083041
92 204 4.0497092800180923
114 226 4.0987966652304335
61 217 1.1290098598838319
51 186 1.0553787820653211
86 153 3.77972866135022
40 143 0.93266031903446978
138 252 5.056000676871073
90 275 4.5896705173538388
98 292 4.6878452877785195
109 313 4.8596511360217116
107 330 4.5405831321414976
106 337 0.51541754472957546
93 342 0.93266031903446978
126 359 2.6261751088602177
137 307 2.2089323345553233
70 357 1.0062913968529805
141 390 2.7979809571034093
192 341 2.5034566458293663
195 286 5.2768939103266055
229 332 2.5280003384355365
242 361 2.7734372644972392
278 341 2.84706834231575
234 393 3.043417883165112
202 396 3.043417883165112
248 290 2.380738182798515
254 220 2.2089323345553233
293 216 2.3071071049800045
284 192 5.4241560659636274
234 147 2.1353012567368124
214 145 5.3750686807512871
252 90 2.3071071049800045
