351
492
500
31
60 182 0.859029241215959
101 214 0.58904862254808621
43 234 4.0497092800180923
88 283 1.0062913968529805
137 296 3.77972866135022
103 332 1.1044661672776617
141 352 4.1233403578366037
111 361 1.3008157081270237
167 370 4.0987966652304335
175 333 3.2152237314083041
167 314 0.26998061866787282
183 308 2.9452431127404308
177 290 3.043417883165112
180 240 3.0188741905589418
154 197 3.1170489609836229
203 182 5.8413988402685213
255 279 5.4486997585697976
277 280 2.3071071049800045
286 221 2.380738182798515
303 357 2.380738182798515
303 418 2.5034566458293663
252 424 5.4241560659636274
289 462 2.7243498792848988
250 476 2.6016314162540475
196 459 2.380738182798515
193 397 5.056000676871073
161 451 4.8596511360217116
156 437 4.76147636559703
151 416 4.5896705173538388
72 452 4.172427743048944
65 462 1.0062913968529805
