351
492
500
37
231 103 2.6261751088602177
186 169 5.8413988402685213
142 184 3.0925052683774528
162 223 2.9452431127404308
81 198 0.63813600776042678
45 169 0.859029241215959
27 220 4.0497092800180923
72 266 1.0062913968529805
119 282 3.7551849687440497
160 279 2.9206994201342606
143 297 0.26998061866787282
167 298 2.6998061866787286
156 321 3.1170489609836229
122 336 4.0497092800180923
146 356 4.0497092800180923
90 344 1.1780972450961724
83 317 1.1044661672776617
127 401 4.5896705173538388
171 387 5.056000676871073
130 423 4.6878452877785195
135 436 4.76147636559703
143 448 4.9578259064463923
142 465 2.5280003384355365
125 467 0.78539816339744828
170 447 2.3561944901923448
227 415 5.3750686807512871
224 467 2.5525440310417071
261 455 2.6016314162540475
280 413 2.5034566458293663
282 350 2.3561944901923448
312 312 5.4486997585697976
261 275 2.3071071049800045
239 272 5.4486997585697976
272 211 2.3561944901923448
294 154 2.380738182798515
55 435 4.2215151282612844
43 449 1.0062913968529805
