351
492
500
43
195 66 2.675262494072558
154 131 5.8904862254808616
106 141 3.1170489609836229
123 183 2.9452431127404308
119 233 3.0188741905589418
122 251 2.9452431127404308
100 252 0.36815538909255385
111 276 3.3624858870453256
80 292 4.0987966652304335
104 313 4.0251655874119221
46 301 1.1780972450961724
38 275 1.0553787820653211
73 239 3.7060975835317089
27 228 1.0308350894591509
129 340 5.1296317546895844
87 358 4.5896705173538388
92 380 4.76147636559703
98 396 4.8841948286278818
102 415 4.9332822138402221
104 423 2.6261751088602177
90 428 0.83448554860978885
124 443 2.84706834231575
134 468 2.9697868053466014
82 469 0.68722339297276724
68 443 1.0062913968529805
131 392 2.3561944901923448
189 423 2.6261751088602177
188 370 5.3750686807512871
223 410 2.5525440310417071
241 440 2.84706834231575
274 418 2.9452431127404308
234 472 3.1906800388021335
203 476 3.0925052683774528
299 462 3.1170489609836229
240 370 2.454369260617026
242 303 2.2825634123738339
279 295 2.3561944901923448
272 275 5.4732434511759678
293 272 2.380738182798515
221 233 2.2580197197676637
201 231 5.3014376029327757
238 178 2.2580197197676637
257 117 2.3561944901923448
