351
492
500
46
136 33 2.9697868053466014
135 82 2.9206994201342606
142 101 2.7734372644972392
116 102 0.34361169648638362
131 125 3.1906800388021335
89 92 3.877903431774901
95 145 4.1969714356551142
121 162 4.172427743048944
68 159 1.2517283229146832
56 128 1.1044661672776617
145 189 5.056000676871073
103 210 4.6387579025661791
107 230 4.7860200582032
112 244 4.8841948286278818
116 264 4.6878452877785195
116 274 0.6135923151542565
103 279 0.95720401164064006
136 294 2.8716120349219203
148 255 2.380738182798515
145 317 2.9697868053466014
83 295 1.0553787820653211
93 322 0.71176708557893753
104 336 0.36815538909255385
65 353 0.88357293382212931
93 393 3.5097480426823471
182 379 3.3624858870453256
174 405 0.26998061866787282
229 396 3.2643111166206444
262 401 3.4361169648638361
284 387 3.3379421944391554
288 413 0.53996123733574564
307 320 3.043417883165112
246 324 3.0925052683774528
253 292 2.7979809571034093
210 324 2.9697868053466014
236 261 2.5525440310417071
201 273 2.5525440310417071
203 220 5.3750686807512871
256 221 2.3561944901923448
286 271 2.84706834231575
260 152 2.2089323345553233
291 127 5.3750686807512871
239 79 2.1843886419491532
218 78 5.4486997585697976
32 256 4.3442335912921362
22 272 1.1780972450961724
