351
492
500
41
197 28 5.9395736106932029
150 39 3.2152237314083041
174 84 2.9452431127404308
170 133 3.043417883165112
175 151 2.8716120349219203
155 151 0.41724277430489443
167 176 3.2888548092268146
133 195 4.1233403578366037
157 214 4.1233403578366037
104 207 1.2517283229146832
94 175 1.1290098598838319
121 140 3.9269908169872414
82 132 0.88357293382212931
90 62 0.6135923151542565
184 241 5.056000676871073
142 259 4.614214209960009
147 279 4.76147636559703
158 300 5.056000676871073
157 315 4.81056375080937
158 322 2.6261751088602177
145 328 0.88357293382212931
178 343 2.7979809571034093
187 304 2.4298255680108558
189 368 3.1170489609836229
136 369 0.68722339297276724
121 344 1.1044661672776617
146 384 0.46633015951723489
115 400 0.95720401164064006
73 356 1.0308350894591509
66 314 1.1290098598838319
71 308 4.2951462060797949
242 323 2.5280003384355365
254 375 2.84706834231575
286 373 2.9452431127404308
294 339 2.7979809571034093
278 310 2.6016314162540475
244 269 5.4732434511759678
294 267 2.4298255680108558
296 205 2.3071071049800045
271 126 2.2825634123738339
253 128 5.3750686807512871
