351
492
500
48
149 61 2.9206994201342606
148 109 2.9452431127404308
153 127 2.9206994201342606
129 127 0.41724277430489443
143 151 3.1170489609836229
101 118 3.877903431774901
107 170 4.1233403578366037
132 188 4.0497092800180923
80 183 1.2026409377023426
68 154 1.1044661672776617
53 105 0.93266031903446978
156 213 5.0314569842649028
113 234 4.614214209960009
117 255 4.6387579025661791
126 272 4.9332822138402221
125 284 4.81056375080937
124 298 0.53996123733574564
111 303 0.95720401164064006
143 318 2.84706834231575
157 280 2.3561944901923448
156 349 2.9697868053466014
112 359 0.34361169648638362
101 344 0.78539816339744828
88 321 1.0308350894591509
116 382 3.4361169648638361
109 390 0.36815538909255385
94 418 3.3870295796514958
69 377 0.859029241215959
38 332 0.95720401164064006
32 291 1.0553787820653211
33 287 4.2215151282612844
186 406 3.3624858870453256
176 431 0.34361169648638362
243 448 3.2888548092268146
264 431 3.3870295796514958
287 417 3.3379421944391554
251 353 2.9452431127404308
215 349 2.9206994201342606
260 321 2.7243498792848988
245 290 2.5525440310417071
211 301 2.5280003384355365
213 248 5.350524988145116
265 250 2.3561944901923448
294 302 2.84706834231575
270 182 2.1843886419491532
300 157 5.4486997585697976
249 109 2.1843886419491532
229 107 5.4241560659636274
