351
492
500
38
186 87 5.8904862254808616
143 93 2.9697868053466014
158 137 2.9206994201342606
152 191 2.7979809571034093
154 208 2.8716120349219203
134 207 0.26998061866787282
144 232 3.2888548092268146
107 193 3.7060975835317089
110 248 4.0497092800180923
134 269 4.0497092800180923
78 253 1.1044661672776617
71 226 1.0553787820653211
65 178 0.93266031903446978
159 296 5.0069132916587327
115 311 4.5896705173538388
118 332 4.6878452877785195
127 349 4.8841948286278818
158 348 2.3071071049800045
114 379 0.78539816339744828
146 395 2.84706834231575
91 395 1.0308350894591509
106 421 0.71176708557893753
116 436 0.41724277430489443
159 420 3.1170489609836229
213 379 2.5280003384355365
216 328 5.3750686807512871
251 368 2.5525440310417071
266 396 2.84706834231575
299 374 2.9452431127404308
258 426 3.0925052683774528
226 430 3.043417883165112
266 327 2.380738182798515
271 258 2.2580197197676637
311 255 2.3071071049800045
302 231 5.4486997585697976
250 187 2.2580197197676637
233 190 5.350524988145116
265 130 2.3071071049800045
