351
492
500
45
94 34 1.0308350894591509
144 48 3.80427235395639
112 84 1.1290098598838319
150 101 4.1233403578366037
124 112 1.2762720155208536
171 120 4.1969714356551142
184 81 3.3379421944391554
179 62 0.22089323345553233
193 56 2.9697868053466014
189 38 2.9697868053466014
201 147 5.0069132916587327
158 166 4.6878452877785195
162 186 4.76147636559703
167 201 4.7860200582032
174 212 5.0069132916587327
168 229 3.8533597391687304
157 235 1.0308350894591509
136 249 1.0553787820653211
149 274 0.71176708557893753
154 291 0.44178646691106466
190 251 2.7979809571034093
202 213 2.3561944901923448
198 274 3.0188741905589418
117 306 0.83448554860978885
92 320 0.760854470791278
74 306 0.859029241215959
86 263 1.0062913968529805
80 222 1.1290098598838319
82 215 4.2706025134736247
39 198 1.1044661672776617
132 344 3.5342917352885173
126 347 0.44178646691106466
107 379 0.44178646691106466
221 362 0.26998061866787282
230 336 3.3624858870453256
274 356 3.3624858870453256
277 366 0.22089323345553233
276 403 3.3870295796514958
260 280 2.9452431127404308
299 285 3.0925052683774528
306 252 2.7734372644972392
291 221 2.5280003384355365
258 233 2.6261751088602177
266 181 5.4241560659636274
263 479 3.3379421944391554
