351
492
500
42
170 61 5.9395736106932029
125 69 3.1415926535897931
144 117 2.9452431127404308
136 165 2.9697868053466014
139 184 2.9206994201342606
117 184 0.41724277430489443
128 208 3.3870295796514958
92 170 3.77972866135022
95 226 4.1233403578366037
120 245 3.9760782021995817
67 238 1.2517283229146832
55 200 1.1044661672776617
48 157 0.95720401164064006
145 274 5.0069132916587327
102 290 4.614214209960009
106 312 4.6878452877785195
111 327 4.76147636559703
115 347 4.81056375080937
116 355 2.5280003384355365
104 358 0.78539816339744828
81 374 1.0308350894591509
94 403 0.68722339297276724
104 417 0.41724277430489443
139 378 2.84706834231575
143 399 3.0925052683774528
144 325 2.2825634123738339
201 358 2.6016314162540475
209 405 2.9452431127404308
241 402 3.0188741905589418
253 375 2.84706834231575
237 345 2.5525440310417071
286 353 2.7979809571034093
254 304 2.380738182798515
203 305 5.4241560659636274
258 234 2.2580197197676637
296 228 2.3071071049800045
289 207 5.4486997585697976
237 162 2.2089323345553233
218 162 5.350524988145116
254 105 2.2825634123738339
29 339 4.2706025134736247
22 345 1.1044661672776617
