351
492
500
46
84 18 0.58904862254808621
71 82 1.0062913968529805
116 98 3.8533597391687304
85 133 1.1044661672776617
119 146 4.0497092800180923
96 164 1.2026409377023426
148 168 4.0497092800180923
160 131 3.1170489609836229
144 108 0.36815538909255385
167 107 2.7734372644972392
161 90 2.9697868053466014
164 40 2.9206994201342606
244 86 5.4241560659636274
264 85 2.2825634123738339
288 159 2.3071071049800045
173 194 5.056000676871073
131 216 4.6878452877785195
134 236 4.71238898038469
144 252 4.9332822138402221
147 261 5.0069132916587327
141 279 0.51541754472957546
130 283 0.95720401164064006
161 298 2.9697868053466014
168 322 3.0188741905589418
120 323 0.71176708557893753
108 298 1.0062913968529805
130 339 0.46633015951723489
90 355 0.859029241215959
67 367 0.760854470791278
48 354 0.859029241215959
60 311 0.95720401164064006
53 271 1.1780972450961724
56 263 4.2951462060797949
11 247 1.1290098598838319
95 403 0.2945243112740431
115 397 3.3870295796514958
200 380 3.4606606574700063
195 411 0.22089323345553233
233 329 2.84706834231575
270 333 2.9206994201342606
281 302 2.7979809571034093
264 270 2.5280003384355365
228 280 2.5525440310417071
232 227 5.3750686807512871
283 229 2.380738182798515
175 251 2.2825634123738339
