351
492
500
32
108 78 3.7060975835317089
105 108 0.6135923151542565
156 131 3.3624858870453256
139 148 0.41724277430489443
198 185 5.7923114550561809
182 204 2.7734372644972392
174 206 6.1359231515425643
176 220 3.2152237314083041
186 228 2.7734372644972392
209 207 2.5034566458293663
187 253 4.9332822138402221
199 269 5.1296317546895844
183 285 4.7860200582032
202 292 2.012582793705961
183 299 4.7860200582032
190 310 2.675262494072558
179 311 0.68722339297276724
168 325 0.53996123733574564
205 328 2.7979809571034093
203 343 3.0188741905589418
162 350 0.44178646691106466
200 381 3.2643111166206444
252 338 2.6998061866787286
238 301 2.2580197197676637
261 304 2.3561944901923448
228 284 5.2278065251142651
168 272 4.5160394395353274
82 306 0.83448554860978885
98 238 1.1044661672776617
75 242 4.0987966652304335
102 220 4.1969714356551142
248 100 2.675262494072558
