351
492
500
39
101 71 3.6815538909255388
101 92 0.68722339297276724
152 123 3.3624858870453256
141 142 0.44178646691106466
192 178 5.71868037723767
168 201 6.2095542293610757
176 202 2.8716120349219203
171 218 3.2888548092268146
181 223 2.8716120349219203
175 239 3.6815538909255388
195 264 5.3014376029327757
166 269 4.5405831321414976
180 279 4.8841948286278818
201 290 2.1843886419491532
189 301 4.8841948286278818
190 306 2.5034566458293663
179 307 0.68722339297276724
171 321 0.6135923151542565
208 324 2.7979809571034093
204 337 3.0925052683774528
166 346 0.51541754472957546
204 376 3.4606606574700063
242 354 3.1415926535897931
253 330 2.84706834231575
272 320 2.6998061866787286
257 292 2.3561944901923448
238 294 2.380738182798515
223 276 5.350524988145116
206 199 2.4298255680108558
100 214 4.172427743048944
96 232 1.1780972450961724
73 238 4.1969714356551142
56 253 1.1290098598838319
83 303 1.0062913968529805
66 342 0.760854470791278
85 369 0.53996123733574564
102 392 0.53996123733574564
150 396 0.36815538909255385
242 91 2.7243498792848988
