351
492
500
31
198 71 2.6261751088602177
105 102 3.3624858870453256
89 119 0.46633015951723489
145 156 5.8413988402685213
122 178 0
129 179 2.9452431127404308
123 191 3.2643111166206444
135 200 2.7734372644972392
128 222 3.9760782021995817
148 242 5.1050880620834143
118 246 4.5160394395353274
133 257 4.81056375080937
151 267 2.1107575641306422
141 280 5.5223308363883081
158 302 2.7243498792848988
157 314 3.0188741905589418
120 299 0.63813600776042678
115 324 0.53996123733574564
153 354 3.3624858870453256
195 330 3.043417883165112
201 308 2.7734372644972392
228 326 2.9452431127404308
226 302 2.6998061866787286
211 275 2.3071071049800045
189 280 2.5034566458293663
178 258 5.3014376029327757
199 358 0.098174770424681035
226 359 3.1906800388021335
158 179 2.5034566458293663
51 194 4.2215151282612844
48 210 1.1044661672776617
