351
492
500
34
126 111 0.53996123733574564
161 157 0.41724277430489443
178 142 3.2643111166206444
220 199 5.64504929941916
199 218 2.9206994201342606
195 218 6.1359231515425643
191 230 3.2152237314083041
202 239 2.7734372644972392
228 221 2.380738182798515
198 266 4.7860200582032
182 284 4.4424083617168169
196 294 4.7860200582032
211 288 5.1296317546895844
196 311 4.76147636559703
219 315 2.1843886419491532
241 298 5.2278065251142651
251 317 2.2580197197676637
273 319 2.2580197197676637
262 353 2.6016314162540475
287 348 2.6261751088602177
254 372 2.9452431127404308
218 342 2.7243498792848988
213 355 3.0925052683774528
182 336 0.58904862254808621
173 362 0.51541754472957546
212 394 3.2888548092268146
157 410 0.53996123733574564
99 380 0.46633015951723489
96 315 0.83448554860978885
74 261 1.0308350894591509
92 250 4.1233403578366037
115 244 1.1290098598838319
119 230 4.1969714356551142
270 115 2.675262494072558
