351
492
500
36
118 101 3.7060975835317089
118 123 0.58904862254808621
170 152 3.3379421944391554
153 169 0.51541754472957546
209 207 5.7677677624500108
185 230 0.098174770424681035
194 232 2.84706834231575
187 248 3.2888548092268146
194 258 2.9697868053466014
190 278 3.9515345095934116
180 298 4.5405831321414976
195 312 4.81056375080937
210 294 5.2278065251142651
217 326 2.2580197197676637
203 333 4.8841948286278818
204 338 2.5034566458293663
193 339 0.760854470791278
183 353 0.58904862254808621
220 358 2.7243498792848988
219 371 3.0188741905589418
177 378 0.51541754472957546
213 410 3.3379421944391554
255 386 3.1170489609836229
263 364 2.84706834231575
252 326 2.3561944901923448
274 330 2.3561944901923448
240 299 5.2768939103266055
222 231 2.380738182798515
115 259 1.1044661672776617
113 246 4.1969714356551142
90 265 4.1969714356551142
70 279 1.1044661672776617
96 330 0.93266031903446978
100 399 0.44178646691106466
159 427 0.2945243112740431
263 125 2.6016314162540475
