351
492
500
35
222 65 2.675262494072558
168 146 5.71868037723767
181 171 2.454369260617026
151 170 2.9452431127404308
144 169 0.024543692606170259
144 186 3.3870295796514958
154 190 2.8716120349219203
147 208 3.9269908169872414
168 233 5.1050880620834143
137 237 4.5405831321414976
152 249 4.8841948286278818
172 260 2.1107575641306422
154 266 4.9332822138402221
197 249 5.3014376029327757
210 267 2.3071071049800045
231 267 2.3071071049800045
244 297 2.6261751088602177
223 305 2.6998061866787286
210 329 3.0925052683774528
218 354 0.098174770424681035
242 352 3.2643111166206444
172 350 3.2643111166206444
175 309 2.9697868053466014
179 297 2.6998061866787286
142 292 0.63813600776042678
136 319 0.51541754472957546
124 367 0.41724277430489443
172 397 0.2945243112740431
61 341 0.6135923151542565
57 271 1.0062913968529805
74 198 1.1290098598838319
45 208 4.172427743048944
71 186 4.2215151282612844
110 108 0.41724277430489443
126 91 3.3870295796514958
