351
492
500
33
95 91 3.6324665057131984
92 115 0.6135923151542565
141 147 3.3624858870453256
125 164 0.46633015951723489
183 203 5.71868037723767
157 224 0
166 227 2.7734372644972392
159 237 3.1415926535897931
168 250 2.9452431127404308
162 270 4.0497092800180923
152 290 4.5896705173538388
167 303 4.7860200582032
183 289 5.0314569842649028
188 316 2.2089323345553233
166 332 0.68722339297276724
156 346 0.58904862254808621
152 370 0.41724277430489443
193 350 2.7979809571034093
193 363 3.0925052683774528
187 399 3.3624858870453256
231 376 3.1415926535897931
237 355 2.8716120349219203
262 346 2.7243498792848988
247 321 2.3561944901923448
225 320 2.4298255680108558
211 301 5.3014376029327757
198 224 2.4298255680108558
86 240 4.172427743048944
82 254 1.1044661672776617
63 256 4.172427743048944
67 328 0.78539816339744828
132 415 0.36815538909255385
234 118 2.675262494072558
