351
492
500
36
104 53 0.71176708557893753
139 100 0.44178646691106466
157 82 3.3379421944391554
198 138 5.71868037723767
171 159 0
180 161 2.84706834231575
174 173 3.2152237314083041
183 182 3.0925052683774528
176 199 3.9515345095934116
197 225 4.9578259064463923
166 227 4.5896705173538388
181 241 4.81056375080937
183 257 4.7860200582032
189 267 2.6998061866787286
179 269 0.78539816339744828
172 277 0.760854470791278
204 258 2.2580197197676637
206 288 2.675262494072558
198 301 2.9697868053466014
166 308 0.46633015951723489
203 342 3.2888548092268146
244 317 3.043417883165112
252 297 2.7734372644972392
238 257 2.2580197197676637
227 241 5.2768939103266055
259 259 2.2089323345553233
213 160 2.380738182798515
98 193 1.1290098598838319
100 178 4.2951462060797949
75 198 4.1969714356551142
83 265 1.0308350894591509
62 302 0.71176708557893753
70 325 0.71176708557893753
85 331 0.58904862254808621
100 356 0.53996123733574564
150 359 0.41724277430489443
