351
492
500
33
218 57 2.6016314162540475
125 86 3.3624858870453256
112 106 0.36815538909255385
166 141 5.71868037723767
141 162 6.1850105367549055
150 165 2.7734372644972392
142 180 3.1906800388021335
147 191 3.1906800388021335
147 202 3.6324665057131984
166 228 5.056000676871073
150 242 4.76147636559703
136 232 4.5405831321414976
170 255 2.2089323345553233
159 267 5.5223308363883081
177 290 2.7243498792848988
177 303 3.0188741905589418
139 285 0.68722339297276724
132 311 0.46633015951723489
172 341 3.3870295796514958
213 317 3.0925052683774528
221 296 2.84706834231575
245 312 2.9697868053466014
244 288 2.675262494072558
230 261 2.3561944901923448
209 260 2.3561944901923448
196 242 5.3014376029327757
216 345 0.12271846303085129
239 342 3.1906800388021335
167 387 0.17180584824319181
116 358 0.26998061866787282
178 165 2.454369260617026
69 178 4.1233403578366037
66 194 1.1290098598838319
