351
492
500
34
201 92 2.6261751088602177
106 120 3.3624858870453256
87 138 0.44178646691106466
145 174 5.7677677624500108
121 197 0
130 199 2.84706834231575
126 215 3.1170489609836229
133 220 2.9697868053466014
126 237 3.80427235395639
147 261 5.056000676871073
118 267 4.5896705173538388
132 280 4.9578259064463923
152 288 2.1353012567368124
136 295 5.0314569842649028
142 305 2.6998061866787286
132 307 4.8596511360217116
125 316 0.88357293382212931
161 325 2.7734372644972392
151 338 3.1415926535897931
120 347 0.63813600776042678
158 377 3.3624858870453256
199 351 3.043417883165112
205 331 2.7243498792848988
226 321 2.6998061866787286
213 302 2.454369260617026
190 293 2.3071071049800045
178 276 5.2768939103266055
231 345 2.9697868053466014
229 375 3.2152237314083041
205 379 0.12271846303085129
218 424 0.098174770424681035
163 198 2.5034566458293663
54 230 1.1780972450961724
51 216 4.2215151282612844
