351
492
500
30
238 140 2.675262494072558
145 174 3.4606606574700063
138 191 0.44178646691106466
96 142 0.6135923151542565
189 226 5.7923114550561809
165 249 0.049087385212340517
175 251 2.84706834231575
167 262 3.2643111166206444
178 271 2.9206994201342606
171 287 3.6815538909255388
201 249 2.454369260617026
192 313 5.056000676871073
161 317 4.5896705173538388
176 329 4.8596511360217116
198 341 2.2580197197676637
184 351 5.1787191399019248
186 355 2.6016314162540475
175 355 0.68722339297276724
166 370 0.58904862254808621
203 373 2.84706834231575
203 383 3.043417883165112
162 394 0.41724277430489443
201 421 3.3379421944391554
247 397 3.1906800388021335
249 376 2.9206994201342606
234 341 2.380738182798515
258 342 2.4298255680108558
221 325 5.2768939103266055
95 280 1.2026409377023426
94 264 4.1969714356551142
