351
492
500
40
134 110 3.2888548092268146
117 127 0.44178646691106466
173 167 5.7677677624500108
148 188 6.1113794589363941
159 192 2.7243498792848988
152 206 3.1415926535897931
160 211 2.9206994201342606
152 228 3.9515345095934116
166 228 5.7923114550561809
158 242 4.7860200582032
172 254 5.0069132916587327
155 269 4.76147636559703
141 257 4.466952054322987
162 292 5.3014376029327757
177 285 2.1353012567368124
202 271 5.2278065251142651
212 288 2.2089323345553233
233 291 2.1843886419491532
245 322 2.6016314162540475
215 329 2.7243498792848988
246 346 2.8716120349219203
212 351 3.0188741905589418
217 377 0.049087385212340517
172 371 3.2888548092268146
179 318 2.675262494072558
169 331 3.0188741905589418
144 311 0.6135923151542565
138 336 0.36815538909255385
120 388 0.41724277430489443
169 419 0.36815538909255385
70 382 0.44178646691106466
57 355 0.53996123733574564
41 349 0.68722339297276724
34 326 0.71176708557893753
59 287 0.95720401164064006
27 238 1.0062913968529805
51 224 4.1233403578366037
74 218 1.1044661672776617
79 202 4.172427743048944
189 190 2.454369260617026
