351
492
500
53
165 105 3.0925052683774528
150 106 0.049087385212340517
170 139 3.0925052683774528
159 148 0.19634954084936207
122 142 3.6324665057131984
139 186 3.6815538909255388
135 205 3.9269908169872414
127 216 0.95720401164064006
142 254 1.3499030933393643
124 272 4.5896705173538388
164 276 4.81056375080937
177 276 5.5223308363883081
177 284 4.7860200582032
182 266 5.9395736106932029
185 296 5.0314569842649028
203 261 2.2825634123738339
208 248 2.2580197197676637
219 236 2.1843886419491532
205 227 5.4486997585697976
196 200 2.6261751088602177
214 185 5.5959619142068187
244 274 5.1050880620834143
195 318 1.8653206380689396
196 334 1.9634954084936207
206 337 1.7180584824319181
201 352 2.012582793705961
205 355 2.5034566458293663
206 364 2.7734372644972392
205 377 5.9641173032993731
182 382 5.3750686807512871
181 351 5.2278065251142651
232 371 4.614214209960009
249 353 4.9578259064463923
234 322 4.8841948286278818
247 308 4.9578259064463923
268 381 5.056000676871073
258 387 4.76147636559703
223 409 0.34361169648638362
167 408 5.2768939103266055
157 428 5.2278065251142651
211 462 3.1415926535897931
220 462 0.098174770424681035
234 460 3.2888548092268146
117 362 4.81056375080937
91 396 4.76147636559703
72 390 4.5160394395353274
82 321 4.5160394395353274
98 303 4.5896705173538388
116 295 4.5160394395353274
131 323 4.71238898038469
143 333 4.8596511360217116
154 307 4.81056375080937
88 158 0.68722339297276724
