351
492
500
57
117 78 3.1170489609836229
109 86 0.049087385212340517
125 121 3.1170489609836229
118 125 0.024543692606170259
77 122 3.6815538909255388
94 163 3.6079228131070282
95 183 3.7551849687440497
82 193 0.83448554860978885
97 235 1.3008157081270237
79 252 4.5160394395353274
120 256 4.76147636559703
134 258 5.1787191399019248
135 260 4.8841948286278818
137 247 5.8659425328746915
155 239 2.2825634123738339
162 229 2.1843886419491532
178 219 2.1107575641306422
167 210 5.4241560659636274
154 182 2.5280003384355365
169 166 5.5468745289944783
139 278 5.0069132916587327
149 299 1.7916895602504288
148 312 1.8653206380689396
150 317 1.8653206380689396
135 330 5.2768939103266055
159 358 6.0377483811178836
173 351 4.1969714356551142
185 349 4.614214209960009
202 336 4.81056375080937
207 372 4.6878452877785195
221 364 5.0314569842649028
204 386 1.1044661672776617
223 390 2.012582793705961
214 398 3.2643111166206444
228 404 2.9452431127404308
237 408 3.043417883165112
244 386 2.380738182798515
262 405 2.9206994201342606
184 392 0.41724277430489443
187 439 0.12271846303085129
189 444 3.2888548092268146
175 442 3.1906800388021335
119 413 5.3014376029327757
118 387 5.2278065251142651
136 363 5.350524988145116
75 341 4.81056375080937
98 313 4.9332822138402221
86 309 4.81056375080937
108 286 4.81056375080937
71 276 4.5160394395353274
55 301 4.614214209960009
37 303 4.5160394395353274
27 281 1.3008157081270237
186 304 4.8596511360217116
199 291 5.0069132916587327
197 257 5.0069132916587327
261 313 5.350524988145116
