351
492
500
59
100 78 3.5342917352885173
142 83 0
151 80 2.9697868053466014
115 121 3.5588354278946874
110 141 3.77972866135022
102 147 0.83448554860978885
110 194 1.2762720155208536
92 207 4.5160394395353274
132 213 5.056000676871073
135 223 4.6878452877785195
143 219 5.1787191399019248
149 207 5.7677677624500108
168 203 2.2580197197676637
176 193 2.1353012567368124
191 181 2.086213871524472
175 170 5.3750686807512871
167 141 2.5525440310417071
190 129 5.5223308363883081
150 239 4.9578259064463923
121 248 4.81056375080937
161 262 1.8407769454627694
161 276 1.88986433067511
171 280 1.7180584824319181
166 295 2.0371264863121317
182 294 4.0987966652304335
175 313 2.3561944901923448
178 325 2.7243498792848988
197 312 4.614214209960009
214 303 4.9332822138402221
200 272 4.8596511360217116
212 256 4.9578259064463923
211 222 5.0314569842649028
147 292 5.1787191399019248
147 325 5.350524988145116
188 354 0.19634954084936207
209 349 0.46633015951723489
218 336 4.6878452877785195
234 348 2.0371264863121317
232 329 5.0069132916587327
224 364 3.1906800388021335
239 372 2.8716120349219203
248 378 2.9697868053466014
256 360 2.5280003384355365
196 408 3.1906800388021335
224 438 3.3379421944391554
186 440 0.049087385212340517
207 468 3.2152237314083041
142 409 2.6016314162540475
126 370 5.2768939103266055
128 348 5.2278065251142651
84 303 4.8841948286278818
57 333 4.6878452877785195
38 330 4.466952054322987
98 268 4.81056375080937
110 271 4.8596511360217116
83 231 4.5160394395353274
66 241 4.5160394395353274
50 256 4.5160394395353274
274 281 5.2278065251142651
