351
492
500
59
121 81 3.6079228131070282
163 84 0.098174770424681035
168 81 3.1415926535897931
136 124 3.6079228131070282
134 142 3.7551849687440497
126 146 0.760854470791278
135 192 1.3008157081270237
116 212 4.466952054322987
156 213 4.76147636559703
169 216 5.4732434511759678
171 218 4.9578259064463923
173 204 5.9395736106932029
170 233 5.0314569842649028
179 253 1.8653206380689396
184 273 1.7671458676442586
189 285 1.6935147898257479
169 291 5.1787191399019248
206 314 4.2706025134736247
218 313 4.5896705173538388
204 325 1.0062913968529805
236 302 4.8596511360217116
224 272 4.81056375080937
236 254 4.9332822138402221
235 219 5.056000676871073
193 199 2.2089323345553233
199 188 2.1353012567368124
200 169 5.4732434511759678
214 176 2.1107575641306422
192 142 2.5280003384355365
213 129 5.5223308363883081
141 245 4.76147636559703
111 239 4.5160394395353274
119 271 4.81056375080937
133 275 4.9332822138402221
90 247 4.5405831321414976
78 262 4.5160394395353274
108 304 4.7860200582032
84 338 4.76147636559703
66 332 4.5160394395353274
68 371 4.6387579025661791
74 395 5.0314569842649028
75 399 2.012582793705961
62 401 4.8841948286278818
101 427 2.5034566458293663
122 428 2.5280003384355365
122 447 2.6998061866787286
166 414 2.7243498792848988
145 371 5.203262832508095
151 351 5.2278065251142651
169 326 5.3014376029327757
216 356 0.34361169648638362
231 350 0.83448554860978885
240 338 4.6878452877785195
256 350 2.1353012567368124
255 332 5.0069132916587327
240 370 3.0925052683774528
262 374 2.7243498792848988
218 411 3.1906800388021335
78 90 0.71176708557893753
