351
492
500
61
195 87 3.1415926535897931
190 91 0.098174770424681035
145 96 3.7060975835317089
168 132 3.6324665057131984
165 152 3.877903431774901
156 158 0.93266031903446978
180 202 1.1044661672776617
153 218 4.5896705173538388
195 222 4.71238898038469
209 212 5.6205056068129888
217 217 5.4241560659636274
216 227 5.1787191399019248
216 243 5.056000676871073
185 246 4.7860200582032
147 244 4.5160394395353274
129 252 4.466952054322987
117 268 4.5160394395353274
160 276 4.81056375080937
176 279 4.9578259064463923
227 264 1.8653206380689396
226 276 1.9634954084936207
229 287 1.8407769454627694
216 298 5.3750686807512871
248 315 4.2706025134736247
242 322 6.1359231515425643
265 315 4.6387579025661791
283 302 4.8841948286278818
287 335 4.6878452877785195
301 328 5.0314569842649028
303 345 1.8407769454627694
287 348 4.614214209960009
291 351 2.5034566458293663
279 347 0.83448554860978885
291 362 3.2152237314083041
309 368 3.043417883165112
259 353 0.26998061866787282
268 407 3.2888548092268146
213 412 2.7243498792848988
194 374 5.2768939103266055
200 351 5.2768939103266055
216 327 5.3750686807512871
149 317 4.9578259064463923
128 347 4.8596511360217116
106 336 4.5160394395353274
108 375 4.6387579025661791
114 398 5.1787191399019248
117 405 2.1843886419491532
145 422 2.6261751088602177
165 425 2.7979809571034093
165 440 2.9206994201342606
265 268 4.8841948286278818
276 254 5.0069132916587327
273 220 5.056000676871073
237 194 2.2580197197676637
228 202 2.3561944901923448
235 174 5.4732434511759678
251 180 2.2089323345553233
228 143 2.6016314162540475
244 131 5.5959619142068187
111 104 0.83448554860978885
78 249 4.3687772838983063
