351
492
500
46
158 82 0.17180584824319181
184 116 3.1415926535897931
178 120 0.098174770424681035
159 157 3.6324665057131984
159 180 3.80427235395639
150 184 0.83448554860978885
172 229 1.1780972450961724
146 242 4.5405831321414976
188 251 4.76147636559703
201 251 5.5223308363883081
200 259 4.8841948286278818
203 240 5.9395736106932029
209 272 5.1050880620834143
177 275 4.81056375080937
138 270 4.5405831321414976
155 296 4.76147636559703
167 306 4.9332822138402221
144 331 4.8596511360217116
142 340 1.7180584824319181
144 350 4.9578259064463923
120 280 4.614214209960009
104 299 4.614214209960009
220 291 1.8653206380689396
221 307 1.9389517158874505
227 317 1.7180584824319181
206 324 5.2278065251142651
210 357 5.3014376029327757
189 381 5.2278065251142651
184 401 5.2278065251142651
251 382 0.22089323345553233
262 347 4.5405831321414976
284 360 4.71238898038469
296 356 4.8841948286278818
275 324 4.9332822138402221
256 300 4.8841948286278818
270 282 5.0314569842649028
267 249 5.1050880620834143
225 236 2.3071071049800045
231 224 2.2580197197676637
246 212 2.1843886419491532
232 201 5.4486997585697976
217 175 2.675262494072558
235 159 5.6205056068129888
132 126 3.7060975835317089
257 432 0.12271846303085129
243 435 3.1415926535897931
