351
492
500
50
114 77 3.7060975835317089
135 116 3.6324665057131984
140 135 3.80427235395639
127 144 0.88357293382212931
143 186 1.3744467859455345
126 198 4.5160394395353274
167 206 4.6878452877785195
179 205 5.2768939103266055
181 208 4.9332822138402221
182 195 5.9395736106932029
201 189 2.3071071049800045
209 180 2.2089323345553233
225 170 2.1353012567368124
214 160 5.3750686807512871
197 132 2.5280003384355365
213 116 5.5959619142068187
186 228 4.9578259064463923
195 249 1.7671458676442586
194 263 1.7180584824319181
195 268 1.7180584824319181
198 282 1.7916895602504288
178 280 5.1787191399019248
201 309 5.8413988402685213
180 314 5.2768939103266055
229 301 4.5405831321414976
250 294 4.8596511360217116
248 328 4.6878452877785195
263 320 5.0069132916587327
244 340 0.95720401164064006
263 341 2.1843886419491532
252 353 2.8716120349219203
266 361 2.84706834231575
274 367 2.9206994201342606
284 344 2.3071071049800045
226 345 0.36815538909255385
221 399 3.1906800388021335
153 360 5.203262832508095
158 338 5.1787191399019248
115 295 4.81056375080937
87 331 4.6878452877785195
67 327 4.4424083617168169
84 253 4.4424083617168169
97 244 4.5405831321414976
116 228 4.5160394395353274
131 256 4.76147636559703
142 263 4.8596511360217116
154 235 4.71238898038469
230 259 4.81056375080937
245 243 5.0069132916587327
244 208 5.056000676871073
