351
492
500
59
170 96 3.1415926535897931
152 101 0.17180584824319181
174 135 3.1415926535897931
168 139 0.098174770424681035
127 139 3.5588354278946874
144 180 3.6324665057131984
142 199 3.7551849687440497
132 205 0.760854470791278
146 249 1.1780972450961724
128 264 4.5405831321414976
168 271 4.8841948286278818
182 273 5.5223308363883081
181 280 4.7860200582032
190 293 5.056000676871073
190 259 5.6941366846315
207 258 2.3071071049800045
213 240 2.3071071049800045
228 234 2.1353012567368124
209 222 5.5223308363883081
200 196 2.6261751088602177
218 180 5.5959619142068187
249 270 5.1050880620834143
201 313 1.8653206380689396
202 328 1.7916895602504288
208 338 1.6935147898257479
187 345 5.2278065251142651
219 360 1.4480778637640452
227 364 4.0497092800180923
243 367 4.614214209960009
257 367 4.81056375080937
255 355 1.7671458676442586
255 347 4.8841948286278818
262 383 4.76147636559703
276 376 5.056000676871073
278 395 2.086213871524472
261 400 2.1843886419491532
264 402 2.5280003384355365
252 398 0.46633015951723489
261 417 3.1415926535897931
232 403 0.22089323345553233
236 454 0.024543692606170259
239 462 3.043417883165112
221 460 3.0188741905589418
191 378 5.3750686807512871
172 401 5.3014376029327757
166 420 5.2278065251142651
127 369 4.9332822138402221
98 391 4.71238898038469
78 386 4.5160394395353274
87 316 4.5405831321414976
102 297 4.5405831321414976
120 290 4.5405831321414976
139 312 4.76147636559703
159 305 4.9332822138402221
149 328 4.9578259064463923
240 317 4.8841948286278818
252 302 5.0069132916587327
89 149 0.71176708557893753
88 124 3.80427235395639
