351
492
500
56
100 64 3.6815538909255388
68 78 0.83448554860978885
114 104 3.77972866135022
124 123 3.80427235395639
111 133 0.88357293382212931
127 176 1.3744467859455345
111 194 4.5405831321414976
151 195 4.614214209960009
163 193 5.0069132916587327
165 199 5.056000676871073
167 184 5.8659425328746915
184 177 2.2580197197676637
192 167 2.1843886419491532
207 156 2.1353012567368124
197 147 5.3750686807512871
181 118 2.5525440310417071
196 102 5.64504929941916
171 217 5.056000676871073
181 237 1.8407769454627694
179 250 1.88986433067511
181 256 1.8653206380689396
171 269 5.1787191399019248
186 271 1.8653206380689396
197 277 2.1107575641306422
205 290 4.1969714356551142
218 289 4.6387579025661791
189 298 5.8904862254808616
169 304 5.3750686807512871
151 329 5.2768939103266055
146 350 5.203262832508095
216 333 0.41724277430489443
239 313 4.71238898038469
238 326 1.4480778637640452
254 324 1.6935147898257479
253 307 4.9578259064463923
240 344 3.2643111166206444
258 347 2.9697868053466014
264 349 3.0188741905589418
277 331 2.3561944901923448
234 275 4.8841948286278818
218 242 4.8841948286278818
229 227 5.0069132916587327
228 195 5.0314569842649028
293 253 5.1787191399019248
216 387 0.049087385212340517
208 393 3.1415926535897931
202 385 3.0925052683774528
131 253 4.8841948286278818
141 225 4.76147636559703
119 245 4.76147636559703
105 218 4.5896705173538388
90 237 4.614214209960009
73 247 4.5160394395353274
107 286 4.8596511360217116
83 322 4.71238898038469
63 320 4.466952054322987
