351
492
500
57
131 52 3.5588354278946874
95 62 0.63813600776042678
149 97 3.6079228131070282
145 118 3.80427235395639
137 122 0.78539816339744828
148 168 1.2517283229146832
129 184 4.3687772838983063
119 209 4.466952054322987
137 229 4.6878452877785195
159 221 4.7860200582032
147 246 4.8841948286278818
103 235 4.614214209960009
88 230 4.5160394395353274
120 272 4.81056375080937
185 266 5.1787191399019248
201 249 1.6935147898257479
205 257 1.4235341711578751
200 230 1.6935147898257479
191 212 5.0314569842649028
183 200 4.7860200582032
184 191 5.5223308363883081
176 195 4.5896705173538388
188 180 5.7923114550561809
209 176 2.2580197197676637
215 164 2.2580197197676637
226 151 2.1107575641306422
214 142 5.4241560659636274
205 115 2.5525440310417071
224 100 5.5468745289944783
250 190 5.0314569842649028
252 226 4.9578259064463923
239 241 4.81056375080937
250 270 4.81056375080937
239 291 4.5160394395353274
224 286 4.1969714356551142
208 293 5.8904862254808616
186 298 5.350524988145116
225 325 0.17180584824319181
256 307 4.5896705173538388
252 323 0.95720401164064006
271 301 4.9578259064463923
277 320 2.1107575641306422
257 338 3.0925052683774528
275 344 2.7979809571034093
231 380 3.1906800388021335
164 321 5.2278065251142651
158 339 5.203262832508095
177 382 2.675262494072558
132 396 2.5034566458293663
107 392 2.5525440310417071
81 371 2.1353012567368124
82 362 5.1050880620834143
65 362 4.76147636559703
72 335 4.614214209960009
92 306 4.71238898038469
74 301 4.5160394395353274
52 218 4.3933209765044765
