351
492
500
57
141 93 3.0188741905589418
126 98 0.049087385212340517
145 133 3.1170489609836229
139 136 0.049087385212340517
93 139 3.6324665057131984
109 173 3.6815538909255388
117 192 3.7551849687440497
103 201 0.83448554860978885
58 147 0.71176708557893753
120 250 1.4235341711578751
99 260 4.466952054322987
140 267 4.76147636559703
155 256 5.8659425328746915
175 251 2.2580197197676637
182 240 2.1353012567368124
197 230 2.1107575641306422
187 221 5.3750686807512871
175 193 2.5280003384355365
190 176 5.6205056068129888
217 269 5.056000676871073
159 288 5.056000676871073
128 295 4.81056375080937
170 311 1.8407769454627694
169 324 1.9389517158874505
170 328 1.7916895602504288
177 337 1.3744467859455345
181 348 2.5525440310417071
184 348 1.3008157081270237
191 345 4.2215151282612844
205 363 4.5896705173538388
223 350 4.8596511360217116
205 321 4.8596511360217116
219 303 4.9578259064463923
154 342 5.203262832508095
156 374 5.350524988145116
197 402 0.26998061866787282
226 386 4.6387579025661791
221 400 0.46633015951723489
225 398 4.5405831321414976
229 402 2.3561944901923448
231 412 3.2152237314083041
241 404 2.3561944901923448
245 418 2.9697868053466014
253 423 3.0188741905589418
262 401 2.4298255680108558
240 378 5.0069132916587327
204 460 3.1415926535897931
140 400 5.2768939103266055
130 419 5.2278065251142651
93 350 4.81056375080937
117 322 4.8596511360217116
105 319 4.71238898038469
75 303 4.5405831321414976
90 286 4.5160394395353274
56 310 4.5160394395353274
64 388 4.7860200582032
279 323 5.1050880620834143
