351
492
500
59
102 68 3.5342917352885173
143 73 6.2095542293610757
150 70 2.9697868053466014
116 108 3.5342917352885173
110 131 3.77972866135022
102 137 0.78539816339744828
110 183 1.2762720155208536
93 195 4.5405831321414976
132 206 4.6878452877785195
138 205 5.71868037723767
145 209 5.056000676871073
149 196 5.7923114550561809
168 190 2.2089323345553233
176 181 2.1843886419491532
192 170 2.0371264863121317
181 160 5.350524988145116
168 132 2.5280003384355365
191 121 5.4732434511759678
151 228 5.0069132916587327
158 248 1.7916895602504288
161 268 1.9634954084936207
171 270 1.7671458676442586
165 286 1.9389517158874505
176 287 1.4235341711578751
177 294 1.7671458676442586
182 284 4.5405831321414976
168 298 2.5525440310417071
167 311 5.8413988402685213
146 316 5.3014376029327757
146 284 5.2278065251142651
196 304 4.5896705173538388
212 289 4.9332822138402221
200 263 4.81056375080937
212 246 4.9578259064463923
211 211 5.0314569842649028
230 318 5.0314569842649028
218 328 4.5405831321414976
208 340 0.46633015951723489
234 343 2.2089323345553233
217 360 3.1906800388021335
238 364 2.7734372644972392
247 371 2.8716120349219203
255 352 2.3561944901923448
187 345 0.12271846303085129
185 398 3.1170489609836229
144 404 2.6261751088602177
126 363 5.2278065251142651
129 341 5.203262832508095
85 294 4.8596511360217116
58 325 4.71238898038469
35 325 4.5160394395353274
98 259 4.76147636559703
112 260 4.8596511360217116
121 241 4.8596511360217116
83 224 4.466952054322987
69 242 4.5896705173538388
50 248 4.5405831321414976
273 272 5.203262832508095
222 433 3.2643111166206444
